.conv1: 0.7592393755912781
layer1.0.conv1: 0.8543660044670105
layer1.0.conv2: 0.9092069268226624
layer1.1.conv1: 0.8831585049629211
layer1.1.conv2: 0.9404340982437134
layer2.0.conv1: 0.9514648914337158
layer2.0.conv2: 0.9357860684394836
layer2.0.downsample.0: 0.8141756653785706
layer2.1.conv1: 0.9589418172836304
layer2.1.conv2: 0.9423201084136963
layer3.0.conv1: 0.9553593397140503
layer3.0.conv2: 0.9720432162284851
layer3.0.downsample.0: 0.9147247672080994
layer3.1.conv1: 0.9746310710906982
layer3.1.conv2: 0.9598687291145325
layer4.0.conv1: 0.9699342846870422
layer4.0.conv2: 0.9824844002723694
layer4.0.downsample.0: 0.9315694570541382
layer4.1.conv1: 0.9601052403450012
layer4.1.conv2: 0.9753913283348083
