.conv1: 0.10497797280550003
layer1.0.conv1: 0.49040889739990234
layer1.0.conv2: 0.6071134805679321
layer1.1.conv1: 0.5944770574569702
layer1.1.conv2: 0.6602306962013245
layer2.0.conv1: 0.7249653339385986
layer2.0.conv2: 0.7225829362869263
layer2.0.downsample.0: 0.21294637024402618
layer2.1.conv1: 0.7819486260414124
layer2.1.conv2: 0.7785759568214417
layer3.0.conv1: 0.7548097372055054
layer3.0.conv2: 0.8433482050895691
layer3.0.downsample.0: 0.5609597563743591
layer3.1.conv1: 0.8637241721153259
layer3.1.conv2: 0.8419684767723083
layer4.0.conv1: 0.8632887601852417
layer4.0.conv2: 0.9218587875366211
layer4.0.downsample.0: 0.6711090803146362
layer4.1.conv1: 0.892947793006897
layer4.1.conv2: 0.866951584815979
