.conv1: 0.3244209885597229
layer1.0.conv1: 0.6423519849777222
layer1.0.conv2: 0.7423591613769531
layer1.1.conv1: 0.7159155011177063
layer1.1.conv2: 0.7958536148071289
layer2.0.conv1: 0.8438613414764404
layer2.0.conv2: 0.8219252228736877
layer2.0.downsample.0: 0.4688691794872284
layer2.1.conv1: 0.8703105449676514
layer2.1.conv2: 0.8625311255455017
layer3.0.conv1: 0.8625209927558899
layer3.0.conv2: 0.9140010476112366
layer3.0.downsample.0: 0.745010495185852
layer3.1.conv1: 0.9196255803108215
layer3.1.conv2: 0.9012356996536255
layer4.0.conv1: 0.9213107228279114
layer4.0.conv2: 0.9540436863899231
layer4.0.downsample.0: 0.8011502027511597
layer4.1.conv1: 0.929320216178894
layer4.1.conv2: 0.9278941750526428
