.conv1: 0.1484379917383194
layer1.0.conv1: 0.5382702350616455
layer1.0.conv2: 0.6467069983482361
layer1.1.conv1: 0.6329661011695862
layer1.1.conv2: 0.70809006690979
layer2.0.conv1: 0.7497248649597168
layer2.0.conv2: 0.7525439858436584
layer2.0.downsample.0: 0.28690895438194275
layer2.1.conv1: 0.8098778128623962
layer2.1.conv2: 0.805381715297699
layer3.0.conv1: 0.790947437286377
layer3.0.conv2: 0.8681029081344604
layer3.0.downsample.0: 0.6215871572494507
layer3.1.conv1: 0.8824767470359802
layer3.1.conv2: 0.8601651787757874
layer4.0.conv1: 0.8819947242736816
layer4.0.conv2: 0.93218994140625
layer4.0.downsample.0: 0.7117488384246826
layer4.1.conv1: 0.9047662615776062
layer4.1.conv2: 0.887721836566925
