.conv1: 0.8558489084243774
layer1.0.conv1: 0.7690911889076233
layer1.0.conv2: 0.8481568098068237
layer1.1.conv1: 0.8211440443992615
layer1.1.conv2: 0.8959370255470276
layer2.0.conv1: 0.9179250001907349
layer2.0.conv2: 0.8946964740753174
layer2.0.downsample.0: 0.5071463584899902
layer2.1.conv1: 0.9307024478912354
layer2.1.conv2: 0.9154334664344788
layer3.0.conv1: 0.9265443682670593
layer3.0.conv2: 0.9544797539710999
layer3.0.downsample.0: 0.7660108208656311
layer3.1.conv1: 0.9558952450752258
layer3.1.conv2: 0.9396944046020508
layer4.0.conv1: 0.9547909498214722
layer4.0.conv2: 0.9736658930778503
layer4.0.downsample.0: 0.817020833492279
layer4.1.conv1: 0.9494016766548157
layer4.1.conv2: 0.9609518051147461
