.conv1: 0.8558648824691772
layer1.0.conv1: 0.7474692463874817
layer1.0.conv2: 0.8551293015480042
layer1.1.conv1: 0.8216567635536194
layer1.1.conv2: 0.8961737155914307
layer2.0.conv1: 0.9146652221679688
layer2.0.conv2: 0.8942226767539978
layer2.0.downsample.0: 0.4688692092895508
layer2.1.conv1: 0.9310051202774048
layer2.1.conv2: 0.9122961163520813
layer3.0.conv1: 0.9266119599342346
layer3.0.conv2: 0.9544705152511597
layer3.0.downsample.0: 0.7450085878372192
layer3.1.conv1: 0.9566531777381897
layer3.1.conv2: 0.9392332434654236
layer4.0.conv1: 0.9548320770263672
layer4.0.conv2: 0.973666250705719
layer4.0.downsample.0: 0.8011502623558044
layer4.1.conv1: 0.9494672417640686
layer4.1.conv2: 0.9609649181365967
