.conv1: 0.2095242589712143
layer1.0.conv1: 0.5761709809303284
layer1.0.conv2: 0.6849763989448547
layer1.1.conv1: 0.6677400469779968
layer1.1.conv2: 0.7420129776000977
layer2.0.conv1: 0.7946147322654724
layer2.0.conv2: 0.7838168740272522
layer2.0.downsample.0: 0.3613448143005371
layer2.1.conv1: 0.8384053707122803
layer2.1.conv2: 0.8287205100059509
layer3.0.conv1: 0.8228911757469177
layer3.0.conv2: 0.8888043165206909
layer3.0.downsample.0: 0.676444411277771
layer3.1.conv1: 0.8975915312767029
layer3.1.conv2: 0.8768050074577332
layer4.0.conv1: 0.8998503088951111
layer4.0.conv2: 0.9417886734008789
layer4.0.downsample.0: 0.7503904700279236
layer4.1.conv1: 0.9158111214637756
layer4.1.conv2: 0.9059735536575317
