.conv1: 0.1736173778772354
layer1.0.conv1: 0.5571786165237427
layer1.0.conv2: 0.663558304309845
layer1.1.conv1: 0.6495453715324402
layer1.1.conv2: 0.7243714928627014
layer2.0.conv1: 0.7724794745445251
layer2.0.conv2: 0.766139805316925
layer2.0.downsample.0: 0.32330968976020813
layer2.1.conv1: 0.8251650333404541
layer2.1.conv2: 0.8161616921424866
layer3.0.conv1: 0.8070186376571655
layer3.0.conv2: 0.8775866627693176
layer3.0.downsample.0: 0.648932695388794
layer3.1.conv1: 0.8893003463745117
layer3.1.conv2: 0.868411123752594
layer4.0.conv1: 0.8912903666496277
layer4.0.conv2: 0.9380537867546082
layer4.0.downsample.0: 0.7307029366493225
layer4.1.conv1: 0.910274088382721
layer4.1.conv2: 0.8968407511711121
