.conv1: 6.677387714385986
layer1.0.conv1: 6.56317138671875
layer1.0.conv2: 4.639961242675781
layer1.1.conv1: 5.583526134490967
layer1.1.conv2: 3.735830307006836
layer2.0.conv1: 4.557342529296875
layer2.0.conv2: 5.841680526733398
layer2.0.downsample.0: 6.399760723114014
layer2.1.conv1: 4.745579719543457
layer2.1.conv2: 4.672077178955078
layer3.0.conv1: 5.938828468322754
layer3.0.conv2: 5.741671085357666
layer3.0.downsample.0: 5.9731574058532715
layer3.1.conv1: 5.078775405883789
layer3.1.conv2: 5.432989120483398
layer4.0.conv1: 6.4325995445251465
layer4.0.conv2: 6.083041191101074
layer4.0.downsample.0: 11.872349739074707
layer4.1.conv1: 8.66220474243164
layer4.1.conv2: 5.6112236976623535
