.conv1: 0.9464232325553894
layer1.0.conv1: 0.9596164226531982
layer1.0.conv2: 0.9785298705101013
layer1.1.conv1: 0.9843306541442871
layer1.1.conv2: 0.9871551394462585
layer2.0.conv1: 0.991753876209259
layer2.0.conv2: 0.9853467345237732
layer2.0.downsample.0: 0.9541822075843811
layer2.1.conv1: 0.9903572201728821
layer2.1.conv2: 0.9844878911972046
layer3.0.conv1: 0.9869809150695801
layer3.0.conv2: 0.9924765229225159
layer3.0.downsample.0: 0.9790937304496765
layer3.1.conv1: 0.9922142028808594
layer3.1.conv2: 0.9849696159362793
layer4.0.conv1: 0.9878142476081848
layer4.0.conv2: 0.9928596615791321
layer4.0.downsample.0: 0.9850214123725891
layer4.1.conv1: 0.9762221574783325
layer4.1.conv2: 0.9923363327980042
