.conv1: 0.8558694124221802
layer1.0.conv1: 0.7672200202941895
layer1.0.conv2: 0.8486059904098511
layer1.1.conv1: 0.8211427927017212
layer1.1.conv2: 0.8965758085250854
layer2.0.conv1: 0.9156767725944519
layer2.0.conv2: 0.8944627642631531
layer2.0.downsample.0: 0.13664861023426056
layer2.1.conv1: 0.9319963455200195
layer2.1.conv2: 0.9116555452346802
layer3.0.conv1: 0.9266120195388794
layer3.0.conv2: 0.9544849991798401
layer3.0.downsample.0: 0.4896515905857086
layer3.1.conv1: 0.9570360779762268
layer3.1.conv2: 0.9384577870368958
layer4.0.conv1: 0.9548096060752869
layer4.0.conv2: 0.9740974307060242
layer4.0.downsample.0: 0.6239812970161438
layer4.1.conv1: 0.9494860768318176
layer4.1.conv2: 0.960957944393158
