.conv1: 0.13604795932769775
layer1.0.conv1: 0.5232644081115723
layer1.0.conv2: 0.6375123858451843
layer1.1.conv1: 0.6190445423126221
layer1.1.conv2: 0.6951927542686462
layer2.0.conv1: 0.7548712491989136
layer2.0.conv2: 0.7429676055908203
layer2.0.downsample.0: 0.2644808292388916
layer2.1.conv1: 0.8014233112335205
layer2.1.conv2: 0.7974876165390015
layer3.0.conv1: 0.7803789973258972
layer3.0.conv2: 0.8604257106781006
layer3.0.downsample.0: 0.603671133518219
layer3.1.conv1: 0.8775431513786316
layer3.1.conv2: 0.8557759523391724
layer4.0.conv1: 0.8765336275100708
layer4.0.conv2: 0.928895115852356
layer4.0.downsample.0: 0.6996902823448181
layer4.1.conv1: 0.9015007019042969
layer4.1.conv2: 0.8817927837371826
