.conv1: 0.8558705449104309
layer1.0.conv1: 0.7486165761947632
layer1.0.conv2: 0.8489606380462646
layer1.1.conv1: 0.823383092880249
layer1.1.conv2: 0.8929915428161621
layer2.0.conv1: 0.9179502129554749
layer2.0.conv2: 0.8945640325546265
layer2.0.downsample.0: 0.00124374742154032
layer2.1.conv1: 0.9342063665390015
layer2.1.conv2: 0.9159699082374573
layer3.0.conv1: 0.9265817403793335
layer3.0.conv2: 0.9544515609741211
layer3.0.downsample.0: 0.3774759769439697
layer3.1.conv1: 0.9556497931480408
layer3.1.conv2: 0.9396134614944458
layer4.0.conv1: 0.954840898513794
layer4.0.conv2: 0.9740010499954224
layer4.0.downsample.0: 0.5495716333389282
layer4.1.conv1: 0.9497689604759216
layer4.1.conv2: 0.9609529376029968
