.conv1: 0.8473832011222839
layer1.0.conv1: 0.7483294010162354
layer1.0.conv2: 0.8442978262901306
layer1.1.conv1: 0.8243163824081421
layer1.1.conv2: 0.8956042528152466
layer2.0.conv1: 0.9135492444038391
layer2.0.conv2: 0.8945418000221252
layer2.0.downsample.0: 0.24312691390514374
layer2.1.conv1: 0.9304545521736145
layer2.1.conv2: 0.9132601618766785
layer3.0.conv1: 0.9265943169593811
layer3.0.conv2: 0.9544818997383118
layer3.0.downsample.0: 0.5861701369285583
layer3.1.conv1: 0.9568770527839661
layer3.1.conv2: 0.9388394951820374
layer4.0.conv1: 0.954865574836731
layer4.0.conv2: 0.9740957021713257
layer4.0.downsample.0: 0.688023030757904
layer4.1.conv1: 0.9494672417640686
layer4.1.conv2: 0.9609984755516052
