.conv1: 0.8475097417831421
layer1.0.conv1: 0.7478829026222229
layer1.0.conv2: 0.844174325466156
layer1.1.conv1: 0.8211005330085754
layer1.1.conv2: 0.896933913230896
layer2.0.conv1: 0.9132024645805359
layer2.0.conv2: 0.8940781354904175
layer2.0.downsample.0: 0.08387376368045807
layer2.1.conv1: 0.9303064942359924
layer2.1.conv2: 0.9140716195106506
layer3.0.conv1: 0.9265450239181519
layer3.0.conv2: 0.9544628858566284
layer3.0.downsample.0: 0.43936359882354736
layer3.1.conv1: 0.9561717510223389
layer3.1.conv2: 0.9397040605545044
layer4.0.conv1: 0.9548425674438477
layer4.0.conv2: 0.97407066822052
layer4.0.downsample.0: 0.5901849269866943
layer4.1.conv1: 0.9497239589691162
layer4.1.conv2: 0.9609481692314148
