.conv1: 0.8558695316314697
layer1.0.conv1: 0.7491644620895386
layer1.0.conv2: 0.8478635549545288
layer1.1.conv1: 0.8276004195213318
layer1.1.conv2: 0.8960608243942261
layer2.0.conv1: 0.9142489433288574
layer2.0.conv2: 0.8941535353660583
layer2.0.downsample.0: 0.4348776340484619
layer2.1.conv1: 0.9316579103469849
layer2.1.conv2: 0.9146811366081238
layer3.0.conv1: 0.9266085028648376
layer3.0.conv2: 0.9545050263404846
layer3.0.downsample.0: 0.7246517539024353
layer3.1.conv1: 0.9570521712303162
layer3.1.conv2: 0.939866840839386
layer4.0.conv1: 0.9548576474189758
layer4.0.conv2: 0.973933219909668
layer4.0.downsample.0: 0.7859918475151062
layer4.1.conv1: 0.9495463967323303
layer4.1.conv2: 0.9609631896018982
