.conv1: 0.8558658957481384
layer1.0.conv1: 0.7475529909133911
layer1.0.conv2: 0.8444833159446716
layer1.1.conv1: 0.8243318796157837
layer1.1.conv2: 0.8956060409545898
layer2.0.conv1: 0.915520191192627
layer2.0.conv2: 0.8943631649017334
layer2.0.downsample.0: 0.8141751885414124
layer2.1.conv1: 0.9313260912895203
layer2.1.conv2: 0.9152018427848816
layer3.0.conv1: 0.9266357421875
layer3.0.conv2: 0.9544338583946228
layer3.0.downsample.0: 0.9147245287895203
layer3.1.conv1: 0.9556400775909424
layer3.1.conv2: 0.9391829371452332
layer4.0.conv1: 0.9548808932304382
layer4.0.conv2: 0.9740412831306458
layer4.0.downsample.0: 0.931569516658783
layer4.1.conv1: 0.9494956135749817
layer4.1.conv2: 0.9609559774398804
