.conv1: 0.1286027431488037
layer1.0.conv1: 0.5165321230888367
layer1.0.conv2: 0.6272931694984436
layer1.1.conv1: 0.6181690692901611
layer1.1.conv2: 0.6881580948829651
layer2.0.conv1: 0.7382111549377441
layer2.0.conv2: 0.7391550540924072
layer2.0.downsample.0: 0.2536044120788574
layer2.1.conv1: 0.7973949313163757
layer2.1.conv2: 0.7931080460548401
layer3.0.conv1: 0.7758755087852478
layer3.0.conv2: 0.8559993505477905
layer3.0.downsample.0: 0.5949023365974426
layer3.1.conv1: 0.8735598921775818
layer3.1.conv2: 0.8522727489471436
layer4.0.conv1: 0.874910295009613
layer4.0.conv2: 0.9275462627410889
layer4.0.downsample.0: 0.693789541721344
layer4.1.conv1: 0.8997495174407959
layer4.1.conv2: 0.8787696361541748
