.conv1: 0.847554087638855
layer1.0.conv1: 0.7483067512512207
layer1.0.conv2: 0.8468734622001648
layer1.1.conv1: 0.8210272192955017
layer1.1.conv2: 0.8981181383132935
layer2.0.conv1: 0.9131736159324646
layer2.0.conv2: 0.8943660855293274
layer2.0.downsample.0: 0.054600976407527924
layer2.1.conv1: 0.9319713711738586
layer2.1.conv2: 0.9162486791610718
layer3.0.conv1: 0.9265833497047424
layer3.0.conv2: 0.9543954133987427
layer3.0.downsample.0: 0.41150563955307007
layer3.1.conv1: 0.9545568227767944
layer3.1.conv2: 0.9416024684906006
layer4.0.conv1: 0.9548203945159912
layer4.0.conv2: 0.9739865064620972
layer4.0.downsample.0: 0.5717077255249023
layer4.1.conv1: 0.9498724937438965
layer4.1.conv2: 0.9609494805335999
