.conv1: 0.8558694124221802
layer1.0.conv1: 0.7479752898216248
layer1.0.conv2: 0.8429668545722961
layer1.1.conv1: 0.8213664889335632
layer1.1.conv2: 0.8953472375869751
layer2.0.conv1: 0.9157088994979858
layer2.0.conv2: 0.8941007852554321
layer2.0.downsample.0: 0.45166394114494324
layer2.1.conv1: 0.9307464361190796
layer2.1.conv2: 0.9154396653175354
layer3.0.conv1: 0.9265154600143433
layer3.0.conv2: 0.9544873833656311
layer3.0.downsample.0: 0.7347927689552307
layer3.1.conv1: 0.9559043645858765
layer3.1.conv2: 0.9392083883285522
layer4.0.conv1: 0.954840898513794
layer4.0.conv2: 0.9740366339683533
layer4.0.downsample.0: 0.7935612201690674
layer4.1.conv1: 0.9495486617088318
layer4.1.conv2: 0.96101313829422
