.conv1: 0.855827808380127
layer1.0.conv1: 0.74858158826828
layer1.0.conv2: 0.8519286513328552
layer1.1.conv1: 0.8272600769996643
layer1.1.conv2: 0.8956378102302551
layer2.0.conv1: 0.915359616279602
layer2.0.conv2: 0.894014835357666
layer2.0.downsample.0: 0.09059591591358185
layer2.1.conv1: 0.9303913116455078
layer2.1.conv2: 0.9144841432571411
layer3.0.conv1: 0.9266821146011353
layer3.0.conv2: 0.9545364379882812
layer3.0.downsample.0: 0.44634443521499634
layer3.1.conv1: 0.9575921297073364
layer3.1.conv2: 0.9386815428733826
layer4.0.conv1: 0.9548348784446716
layer4.0.conv2: 0.9739910364151001
layer4.0.downsample.0: 0.5948182344436646
layer4.1.conv1: 0.9499737620353699
layer4.1.conv2: 0.9609551429748535
