.conv1: 0.2833747863769531
layer1.0.conv1: 0.624385416507721
layer1.0.conv2: 0.7256791591644287
layer1.1.conv1: 0.7086918950080872
layer1.1.conv2: 0.7810158133506775
layer2.0.conv1: 0.8283928632736206
layer2.0.conv2: 0.8100083470344543
layer2.0.downsample.0: 0.43487897515296936
layer2.1.conv1: 0.8634527921676636
layer2.1.conv2: 0.8498941659927368
layer3.0.conv1: 0.8509154915809631
layer3.0.conv2: 0.9066227674484253
layer3.0.downsample.0: 0.7246444225311279
layer3.1.conv1: 0.9125269055366516
layer3.1.conv2: 0.8939480185508728
layer4.0.conv1: 0.9149118661880493
layer4.0.conv2: 0.950590193271637
layer4.0.downsample.0: 0.7859935164451599
layer4.1.conv1: 0.9251081347465515
layer4.1.conv2: 0.9214656352996826
