.conv1: 0.7181905508041382
layer1.0.conv1: 0.8311203122138977
layer1.0.conv2: 0.8942140936851501
layer1.1.conv1: 0.8691125512123108
layer1.1.conv2: 0.9303367733955383
layer2.0.conv1: 0.9416861534118652
layer2.0.conv2: 0.9250331521034241
layer2.0.downsample.0: 0.7848818898200989
layer2.1.conv1: 0.9519631862640381
layer2.1.conv2: 0.9350134134292603
layer3.0.conv1: 0.9482954144477844
layer3.0.conv2: 0.967660665512085
layer3.0.downsample.0: 0.899960994720459
layer3.1.conv1: 0.9688534736633301
layer3.1.conv2: 0.9549432396888733
layer4.0.conv1: 0.9660962820053101
layer4.0.conv2: 0.9800378680229187
layer4.0.downsample.0: 0.9204088449478149
layer4.1.conv1: 0.9568325281143188
layer4.1.conv2: 0.9716345071792603
