.conv1: 0.8558483123779297
layer1.0.conv1: 0.7489520311355591
layer1.0.conv2: 0.8500798344612122
layer1.1.conv1: 0.8337733745574951
layer1.1.conv2: 0.8984367251396179
layer2.0.conv1: 0.9138081073760986
layer2.0.conv2: 0.8939839601516724
layer2.0.downsample.0: 0.20345522463321686
layer2.1.conv1: 0.9304119944572449
layer2.1.conv2: 0.9155209064483643
layer3.0.conv1: 0.9265110492706299
layer3.0.conv2: 0.9544862508773804
layer3.0.downsample.0: 0.5528754591941833
layer3.1.conv1: 0.9566114544868469
layer3.1.conv2: 0.93865567445755
layer4.0.conv1: 0.9548705816268921
layer4.0.conv2: 0.9741241931915283
layer4.0.downsample.0: 0.6656143665313721
layer4.1.conv1: 0.949778139591217
layer4.1.conv2: 0.9610762000083923
