.conv1: 0.855850875377655
layer1.0.conv1: 0.747955858707428
layer1.0.conv2: 0.8517605066299438
layer1.1.conv1: 0.8284576535224915
layer1.1.conv2: 0.8964434266090393
layer2.0.conv1: 0.915252685546875
layer2.0.conv2: 0.8944246768951416
layer2.0.downsample.0: 0.17703548073768616
layer2.1.conv1: 0.9323486685752869
layer2.1.conv2: 0.9119934439659119
layer3.0.conv1: 0.9265888333320618
layer3.0.conv2: 0.9545515775680542
layer3.0.downsample.0: 0.5280099511146545
layer3.1.conv1: 0.9553562998771667
layer3.1.conv2: 0.9396945238113403
layer4.0.conv1: 0.9548823237419128
layer4.0.conv2: 0.9738683104515076
layer4.0.downsample.0: 0.6495627164840698
layer4.1.conv1: 0.9496550559997559
layer4.1.conv2: 0.960950493812561
