.conv1: 0.855872631072998
layer1.0.conv1: 0.7672505974769592
layer1.0.conv2: 0.850809633731842
layer1.1.conv1: 0.8263742923736572
layer1.1.conv2: 0.896431028842926
layer2.0.conv1: 0.9147677421569824
layer2.0.conv2: 0.894697904586792
layer2.0.downsample.0: 0.4031839072704315
layer2.1.conv1: 0.933428168296814
layer2.1.conv2: 0.9146954417228699
layer3.0.conv1: 0.926531195640564
layer3.0.conv2: 0.9545646905899048
layer3.0.downsample.0: 0.7048119306564331
layer3.1.conv1: 0.9569445252418518
layer3.1.conv2: 0.9399083256721497
layer4.0.conv1: 0.954800009727478
layer4.0.conv2: 0.9740279912948608
layer4.0.downsample.0: 0.7713478207588196
layer4.1.conv1: 0.9495721459388733
layer4.1.conv2: 0.961095929145813
