.conv1: 0.8473989963531494
layer1.0.conv1: 0.7481762766838074
layer1.0.conv2: 0.8472376465797424
layer1.1.conv1: 0.821469247341156
layer1.1.conv2: 0.89359450340271
layer2.0.conv1: 0.9177643656730652
layer2.0.conv2: 0.8942433595657349
layer2.0.downsample.0: 0.047100476920604706
layer2.1.conv1: 0.932894766330719
layer2.1.conv2: 0.9146791100502014
layer3.0.conv1: 0.92653888463974
layer3.0.conv2: 0.9544529914855957
layer3.0.downsample.0: 0.404710054397583
layer3.1.conv1: 0.9569875001907349
layer3.1.conv2: 0.9388672709465027
layer4.0.conv1: 0.9548396468162537
layer4.0.conv2: 0.9736424088478088
layer4.0.downsample.0: 0.5672173500061035
layer4.1.conv1: 0.9494569897651672
layer4.1.conv2: 0.96095210313797
