.conv1: 0.8558652400970459
layer1.0.conv1: 0.7476384043693542
layer1.0.conv2: 0.8443266153335571
layer1.1.conv1: 0.8214842081069946
layer1.1.conv2: 0.8940832614898682
layer2.0.conv1: 0.9156630039215088
layer2.0.conv2: 0.8942915797233582
layer2.0.downsample.0: 0.7000450491905212
layer2.1.conv1: 0.9301753640174866
layer2.1.conv2: 0.9157991409301758
layer3.0.conv1: 0.9265626668930054
layer3.0.conv2: 0.9544132351875305
layer3.0.downsample.0: 0.8584654927253723
layer3.1.conv1: 0.9565792083740234
layer3.1.conv2: 0.9401019215583801
layer4.0.conv1: 0.9548591375350952
layer4.0.conv2: 0.9741707444190979
layer4.0.downsample.0: 0.8897656202316284
layer4.1.conv1: 0.950006365776062
layer4.1.conv2: 0.9609887003898621
