.conv1: 0.8558496236801147
layer1.0.conv1: 0.748487114906311
layer1.0.conv2: 0.8438547253608704
layer1.1.conv1: 0.8253809809684753
layer1.1.conv2: 0.8952040672302246
layer2.0.conv1: 0.9136869311332703
layer2.0.conv2: 0.8943448662757874
layer2.0.downsample.0: 0.8452306985855103
layer2.1.conv1: 0.930242121219635
layer2.1.conv2: 0.9164249897003174
layer3.0.conv1: 0.9267178177833557
layer3.0.conv2: 0.954437792301178
layer3.0.downsample.0: 0.9301193356513977
layer3.1.conv1: 0.9547846913337708
layer3.1.conv2: 0.9400297403335571
layer4.0.conv1: 0.9548368453979492
layer4.0.conv2: 0.9740554094314575
layer4.0.downsample.0: 0.9429339170455933
layer4.1.conv1: 0.9496822953224182
layer4.1.conv2: 0.9610666036605835
