.conv1: 0.8473525047302246
layer1.0.conv1: 0.7477833032608032
layer1.0.conv2: 0.8559873104095459
layer1.1.conv1: 0.8238704204559326
layer1.1.conv2: 0.8952929973602295
layer2.0.conv1: 0.917191207408905
layer2.0.conv2: 0.894205629825592
layer2.0.downsample.0: 0.26447081565856934
layer2.1.conv1: 0.9303008913993835
layer2.1.conv2: 0.9155158400535583
layer3.0.conv1: 0.9265727996826172
layer3.0.conv2: 0.9545485377311707
layer3.0.downsample.0: 0.6036737561225891
layer3.1.conv1: 0.9548528790473938
layer3.1.conv2: 0.9401731491088867
layer4.0.conv1: 0.9548600912094116
layer4.0.conv2: 0.9741119146347046
layer4.0.downsample.0: 0.6997300386428833
layer4.1.conv1: 0.949547290802002
layer4.1.conv2: 0.9609612226486206
