.conv1: 0.14212259650230408
layer1.0.conv1: 0.5302171111106873
layer1.0.conv2: 0.6417030096054077
layer1.1.conv1: 0.6265625357627869
layer1.1.conv2: 0.7010449767112732
layer2.0.conv1: 0.7560089230537415
layer2.0.conv2: 0.7469106316566467
layer2.0.downsample.0: 0.2751675248146057
layer2.1.conv1: 0.8070874214172363
layer2.1.conv2: 0.8020983338356018
layer3.0.conv1: 0.7856813073158264
layer3.0.conv2: 0.8643833994865417
layer3.0.downsample.0: 0.6126042008399963
layer3.1.conv1: 0.8786211013793945
layer3.1.conv2: 0.8571400046348572
layer4.0.conv1: 0.8799734115600586
layer4.0.conv2: 0.9305169582366943
layer4.0.downsample.0: 0.7056252956390381
layer4.1.conv1: 0.9032444357872009
layer4.1.conv2: 0.884784460067749
