.conv1: 0.8558717370033264
layer1.0.conv1: 0.7477453947067261
layer1.0.conv2: 0.8430149555206299
layer1.1.conv1: 0.8212505578994751
layer1.1.conv2: 0.8956058025360107
layer2.0.conv1: 0.916530966758728
layer2.0.conv2: 0.8942385911941528
layer2.0.downsample.0: 0.12879060208797455
layer2.1.conv1: 0.9320954084396362
layer2.1.conv2: 0.9157781004905701
layer3.0.conv1: 0.9266144037246704
layer3.0.conv2: 0.9544498920440674
layer3.0.downsample.0: 0.48233598470687866
layer3.1.conv1: 0.9576662182807922
layer3.1.conv2: 0.9385696053504944
layer4.0.conv1: 0.9548678398132324
layer4.0.conv2: 0.9741235971450806
layer4.0.downsample.0: 0.6189393997192383
layer4.1.conv1: 0.949634313583374
layer4.1.conv2: 0.960962176322937
