.conv1: 0.8558639287948608
layer1.0.conv1: 0.7496098875999451
layer1.0.conv2: 0.8486818671226501
layer1.1.conv1: 0.8286303281784058
layer1.1.conv2: 0.9005564451217651
layer2.0.conv1: 0.9150969386100769
layer2.0.conv2: 0.8943291902542114
layer2.0.downsample.0: 0.5704258680343628
layer2.1.conv1: 0.9306037425994873
layer2.1.conv2: 0.9149861931800842
layer3.0.conv1: 0.926605224609375
layer3.0.conv2: 0.9543875455856323
layer3.0.downsample.0: 0.7988726496696472
layer3.1.conv1: 0.956636905670166
layer3.1.conv2: 0.9401001334190369
layer4.0.conv1: 0.9549002647399902
layer4.0.conv2: 0.9740633964538574
layer4.0.downsample.0: 0.8423122763633728
layer4.1.conv1: 0.949721097946167
layer4.1.conv2: 0.9609488248825073
