.conv1: 0.8474071621894836
layer1.0.conv1: 0.7682048678398132
layer1.0.conv2: 0.8568671941757202
layer1.1.conv1: 0.8202252388000488
layer1.1.conv2: 0.9002240300178528
layer2.0.conv1: 0.9170085191726685
layer2.0.conv2: 0.8939922451972961
layer2.0.downsample.0: 0.36135295033454895
layer2.1.conv1: 0.9301878213882446
layer2.1.conv2: 0.9153415560722351
layer3.0.conv1: 0.9266039133071899
layer3.0.conv2: 0.9544998407363892
layer3.0.downsample.0: 0.6763372421264648
layer3.1.conv1: 0.955334484577179
layer3.1.conv2: 0.9397537112236023
layer4.0.conv1: 0.9548251032829285
layer4.0.conv2: 0.9739944338798523
layer4.0.downsample.0: 0.7503824830055237
layer4.1.conv1: 0.9497461915016174
layer4.1.conv2: 0.9609699845314026
