.conv1: 0.8558356165885925
layer1.0.conv1: 0.7900722622871399
layer1.0.conv2: 0.8460484743118286
layer1.1.conv1: 0.8242571353912354
layer1.1.conv2: 0.8990277647972107
layer2.0.conv1: 0.9175467491149902
layer2.0.conv2: 0.894353985786438
layer2.0.downsample.0: 0.5929449796676636
layer2.1.conv1: 0.9301931262016296
layer2.1.conv2: 0.9123980402946472
layer3.0.conv1: 0.9265693426132202
layer3.0.conv2: 0.9544177055358887
layer3.0.downsample.0: 0.8098434209823608
layer3.1.conv1: 0.9555356502532959
layer3.1.conv2: 0.9396365284919739
layer4.0.conv1: 0.9548476934432983
layer4.0.conv2: 0.9740113019943237
layer4.0.downsample.0: 0.8513500690460205
layer4.1.conv1: 0.949825644493103
layer4.1.conv2: 0.9610780477523804
