.conv1: 0.8558458089828491
layer1.0.conv1: 0.748110294342041
layer1.0.conv2: 0.845283031463623
layer1.1.conv1: 0.8218560814857483
layer1.1.conv2: 0.8962073922157288
layer2.0.conv1: 0.9163271188735962
layer2.0.conv2: 0.8940688371658325
layer2.0.downsample.0: 0.6732398271560669
layer2.1.conv1: 0.9311590790748596
layer2.1.conv2: 0.912682831287384
layer3.0.conv1: 0.9264993071556091
layer3.0.conv2: 0.9543541669845581
layer3.0.downsample.0: 0.8457513451576233
layer3.1.conv1: 0.9570736289024353
layer3.1.conv2: 0.9393542408943176
layer4.0.conv1: 0.954852283000946
layer4.0.conv2: 0.9740188717842102
layer4.0.downsample.0: 0.8801330924034119
layer4.1.conv1: 0.9495816826820374
layer4.1.conv2: 0.9609678387641907
