.conv1: 0.6497756838798523
layer1.0.conv1: 0.8016088008880615
layer1.0.conv2: 0.8581743240356445
layer1.1.conv1: 0.8475967645645142
layer1.1.conv2: 0.9068759083747864
layer2.0.conv1: 0.9236183166503906
layer2.0.conv2: 0.9039815664291382
layer2.0.downsample.0: 0.7284321784973145
layer2.1.conv1: 0.9394555687904358
layer2.1.conv2: 0.921892523765564
layer3.0.conv1: 0.9336667656898499
layer3.0.conv2: 0.9587370753288269
layer3.0.downsample.0: 0.8716633319854736
layer3.1.conv1: 0.9604499936103821
layer3.1.conv2: 0.944233775138855
layer4.0.conv1: 0.9584964513778687
layer4.0.conv2: 0.9761016964912415
layer4.0.downsample.0: 0.8997974395751953
layer4.1.conv1: 0.9520159363746643
layer4.1.conv2: 0.9645097851753235
