.conv1: 0.2667253613471985
layer1.0.conv1: 0.6130917072296143
layer1.0.conv2: 0.7132993340492249
layer1.1.conv1: 0.6966372132301331
layer1.1.conv2: 0.7749567627906799
layer2.0.conv1: 0.8235436677932739
layer2.0.conv2: 0.8040744066238403
layer2.0.downsample.0: 0.41862574219703674
layer2.1.conv1: 0.8581995964050293
layer2.1.conv2: 0.8472515940666199
layer3.0.conv1: 0.8453988432884216
layer3.0.conv2: 0.9030037522315979
layer3.0.downsample.0: 0.7146671414375305
layer3.1.conv1: 0.9103111028671265
layer3.1.conv2: 0.8904955983161926
layer4.0.conv1: 0.9118294715881348
layer4.0.conv2: 0.948668360710144
layer4.0.downsample.0: 0.7786043882369995
layer4.1.conv1: 0.9234079122543335
layer4.1.conv2: 0.918331503868103
