.conv1: 0.8558688163757324
layer1.0.conv1: 0.7481520771980286
layer1.0.conv2: 0.8449139595031738
layer1.1.conv1: 0.8203539848327637
layer1.1.conv2: 0.8977293372154236
layer2.0.conv1: 0.9159677028656006
layer2.0.conv2: 0.8942333459854126
layer2.0.downsample.0: 0.14448601007461548
layer2.1.conv1: 0.9304912686347961
layer2.1.conv2: 0.9147453904151917
layer3.0.conv1: 0.9265747666358948
layer3.0.conv2: 0.9544718265533447
layer3.0.downsample.0: 0.49725401401519775
layer3.1.conv1: 0.9562409520149231
layer3.1.conv2: 0.9405929446220398
layer4.0.conv1: 0.9548572897911072
layer4.0.conv2: 0.9736660718917847
layer4.0.downsample.0: 0.6290654540061951
layer4.1.conv1: 0.9496095776557922
layer4.1.conv2: 0.9610524773597717
