.conv1: 0.20241636037826538
layer1.0.conv1: 0.5701991319656372
layer1.0.conv2: 0.6806298494338989
layer1.1.conv1: 0.6642862558364868
layer1.1.conv2: 0.7398883700370789
layer2.0.conv1: 0.7842706441879272
layer2.0.conv2: 0.7773029208183289
layer2.0.downsample.0: 0.3481042683124542
layer2.1.conv1: 0.8296928405761719
layer2.1.conv2: 0.8246828317642212
layer3.0.conv1: 0.8175623416900635
layer3.0.conv2: 0.8852949738502502
layer3.0.downsample.0: 0.6670820116996765
layer3.1.conv1: 0.8966763615608215
layer3.1.conv2: 0.8747172951698303
layer4.0.conv1: 0.8972045183181763
layer4.0.conv2: 0.9405317306518555
layer4.0.downsample.0: 0.7435857057571411
layer4.1.conv1: 0.9141111969947815
layer4.1.conv2: 0.9028809070587158
