.conv1: 0.16518867015838623
layer1.0.conv1: 0.5490099787712097
layer1.0.conv2: 0.660478413105011
layer1.1.conv1: 0.6470575928688049
layer1.1.conv2: 0.7188071608543396
layer2.0.conv1: 0.7709515690803528
layer2.0.conv2: 0.7621124982833862
layer2.0.downsample.0: 0.31134405732154846
layer2.1.conv1: 0.8180723786354065
layer2.1.conv2: 0.8135557770729065
layer3.0.conv1: 0.8014392852783203
layer3.0.conv2: 0.8748634457588196
layer3.0.downsample.0: 0.6396925449371338
layer3.1.conv1: 0.8880913257598877
layer3.1.conv2: 0.8664653897285461
layer4.0.conv1: 0.8886790871620178
layer4.0.conv2: 0.936633825302124
layer4.0.downsample.0: 0.7244153618812561
layer4.1.conv1: 0.9083107709884644
layer4.1.conv2: 0.8937695026397705
