.conv1: 0.8475397825241089
layer1.0.conv1: 0.8993789553642273
layer1.0.conv2: 0.9456436634063721
layer1.1.conv1: 0.9586697220802307
layer1.1.conv2: 0.9634360074996948
layer2.0.conv1: 0.9686098694801331
layer2.0.conv2: 0.9588490128517151
layer2.0.downsample.0: 0.8784643411636353
layer2.1.conv1: 0.9748618602752686
layer2.1.conv2: 0.960373044013977
layer3.0.conv1: 0.9703412055969238
layer3.0.conv2: 0.9815039038658142
layer3.0.downsample.0: 0.946325957775116
layer3.1.conv1: 0.9830475449562073
layer3.1.conv2: 0.9698315858840942
layer4.0.conv1: 0.9784924983978271
layer4.0.conv2: 0.9871906042098999
layer4.0.downsample.0: 0.9566667079925537
layer4.1.conv1: 0.965543806552887
layer4.1.conv2: 0.9830798506736755
