.conv1: 0.08887232840061188
layer1.0.conv1: 0.4743110239505768
layer1.0.conv2: 0.5914417505264282
layer1.1.conv1: 0.5840392708778381
layer1.1.conv2: 0.6496252417564392
layer2.0.conv1: 0.702852189540863
layer2.0.conv2: 0.7111127972602844
layer2.0.downsample.0: 0.1853685826063156
layer2.1.conv1: 0.7723372578620911
layer2.1.conv2: 0.7679390907287598
layer3.0.conv1: 0.7407228946685791
layer3.0.conv2: 0.8335840702056885
layer3.0.downsample.0: 0.5362244248390198
layer3.1.conv1: 0.8563480377197266
layer3.1.conv2: 0.8331939578056335
layer4.0.conv1: 0.8553429245948792
layer4.0.conv2: 0.9172834157943726
layer4.0.downsample.0: 0.6548888683319092
layer4.1.conv1: 0.8877085447311401
layer4.1.conv2: 0.8582463264465332
