.conv1: 0.8475493788719177
layer1.0.conv1: 0.7476945519447327
layer1.0.conv2: 0.8429686427116394
layer1.1.conv1: 0.8199644684791565
layer1.1.conv2: 0.8954044580459595
layer2.0.conv1: 0.914473295211792
layer2.0.conv2: 0.894620954990387
layer2.0.downsample.0: 0.18536929786205292
layer2.1.conv1: 0.9320634603500366
layer2.1.conv2: 0.9155904054641724
layer3.0.conv1: 0.9265249371528625
layer3.0.conv2: 0.954495906829834
layer3.0.downsample.0: 0.5362241268157959
layer3.1.conv1: 0.9570582509040833
layer3.1.conv2: 0.9391301274299622
layer4.0.conv1: 0.9548044204711914
layer4.0.conv2: 0.9740778207778931
layer4.0.downsample.0: 0.6548999547958374
layer4.1.conv1: 0.9498331546783447
layer4.1.conv2: 0.9609979391098022
