.conv1: 0.8558557629585266
layer1.0.conv1: 0.7477591037750244
layer1.0.conv2: 0.848552942276001
layer1.1.conv1: 0.8241034746170044
layer1.1.conv2: 0.8931552171707153
layer2.0.conv1: 0.9184536337852478
layer2.0.conv2: 0.8940725326538086
layer2.0.downsample.0: 0.22265954315662384
layer2.1.conv1: 0.9306195974349976
layer2.1.conv2: 0.9123125672340393
layer3.0.conv1: 0.926604151725769
layer3.0.conv2: 0.9544165730476379
layer3.0.downsample.0: 0.5692930221557617
layer3.1.conv1: 0.9574351906776428
layer3.1.conv2: 0.9390011429786682
layer4.0.conv1: 0.9548783302307129
layer4.0.conv2: 0.9738016128540039
layer4.0.downsample.0: 0.6765131950378418
layer4.1.conv1: 0.9495400190353394
layer4.1.conv2: 0.9610033631324768
