.conv1: 0.15428456664085388
layer1.0.conv1: 0.5430997610092163
layer1.0.conv2: 0.6522585153579712
layer1.1.conv1: 0.643060028553009
layer1.1.conv2: 0.7114855647087097
layer2.0.conv1: 0.7629522681236267
layer2.0.conv2: 0.7576629519462585
layer2.0.downsample.0: 0.29907429218292236
layer2.1.conv1: 0.8131676316261292
layer2.1.conv2: 0.8095115423202515
layer3.0.conv1: 0.7964830994606018
layer3.0.conv2: 0.8714736700057983
layer3.0.downsample.0: 0.6306289434432983
layer3.1.conv1: 0.8860483765602112
layer3.1.conv2: 0.8630240559577942
layer4.0.conv1: 0.8857710957527161
layer4.0.conv2: 0.9334769248962402
layer4.0.downsample.0: 0.7180198431015015
layer4.1.conv1: 0.906637966632843
layer4.1.conv2: 0.8907663226127625
