.conv1: 0.1161169558763504
layer1.0.conv1: 0.503898561000824
layer1.0.conv2: 0.6169478893280029
layer1.1.conv1: 0.605561375617981
layer1.1.conv2: 0.674873948097229
layer2.0.conv1: 0.7348865270614624
layer2.0.conv2: 0.7314751148223877
layer2.0.downsample.0: 0.23283237218856812
layer2.1.conv1: 0.7906357645988464
layer2.1.conv2: 0.7856534123420715
layer3.0.conv1: 0.764366090297699
layer3.0.conv2: 0.8503173589706421
layer3.0.downsample.0: 0.5776420831680298
layer3.1.conv1: 0.8687791228294373
layer3.1.conv2: 0.8466438055038452
layer4.0.conv1: 0.8681923747062683
layer4.0.conv2: 0.9242070317268372
layer4.0.downsample.0: 0.6822224855422974
layer4.1.conv1: 0.8960872292518616
layer4.1.conv2: 0.8728677034378052
