.conv1: 0.8558726906776428
layer1.0.conv1: 0.747698962688446
layer1.0.conv2: 0.8481255173683167
layer1.1.conv1: 0.8319241404533386
layer1.1.conv2: 0.8930598497390747
layer2.0.conv1: 0.9160228967666626
layer2.0.conv2: 0.8940021395683289
layer2.0.downsample.0: 0.1604170799255371
layer2.1.conv1: 0.9326293468475342
layer2.1.conv2: 0.9151670932769775
layer3.0.conv1: 0.9265549778938293
layer3.0.conv2: 0.954438328742981
layer3.0.downsample.0: 0.5124941468238831
layer3.1.conv1: 0.9563395380973816
layer3.1.conv2: 0.9385771155357361
layer4.0.conv1: 0.9548372030258179
layer4.0.conv2: 0.9740147590637207
layer4.0.downsample.0: 0.6393036842346191
layer4.1.conv1: 0.9499942064285278
layer4.1.conv2: 0.9609859585762024
