.conv1: 0.8558723330497742
layer1.0.conv1: 0.7477280497550964
layer1.0.conv2: 0.8506384491920471
layer1.1.conv1: 0.8202106356620789
layer1.1.conv2: 0.8957063555717468
layer2.0.conv1: 0.913745641708374
layer2.0.conv2: 0.8941457867622375
layer2.0.downsample.0: 0.10567127913236618
layer2.1.conv1: 0.9309647083282471
layer2.1.conv2: 0.9148343205451965
layer3.0.conv1: 0.9265981912612915
layer3.0.conv2: 0.9544150829315186
layer3.0.downsample.0: 0.46072712540626526
layer3.1.conv1: 0.9547120332717896
layer3.1.conv2: 0.9391257166862488
layer4.0.conv1: 0.9548060894012451
layer4.0.conv2: 0.9738821983337402
layer4.0.downsample.0: 0.6043280363082886
layer4.1.conv1: 0.9497668147087097
layer4.1.conv2: 0.9609503149986267
