.conv1: 0.34994053840637207
layer1.0.conv1: 0.6422701478004456
layer1.0.conv2: 0.751575231552124
layer1.1.conv1: 0.7268977761268616
layer1.1.conv2: 0.8072683811187744
layer2.0.conv1: 0.8481165766716003
layer2.0.conv2: 0.8277475833892822
layer2.0.downsample.0: 0.48798930644989014
layer2.1.conv1: 0.8774885535240173
layer2.1.conv2: 0.8645044565200806
layer3.0.conv1: 0.8684594035148621
layer3.0.conv2: 0.9196308851242065
layer3.0.downsample.0: 0.7555198073387146
layer3.1.conv1: 0.9243541955947876
layer3.1.conv2: 0.9055145978927612
layer4.0.conv1: 0.9240670204162598
layer4.0.conv2: 0.9568964242935181
layer4.0.downsample.0: 0.8089967370033264
layer4.1.conv1: 0.9310160875320435
layer4.1.conv2: 0.9310179352760315
