.conv1: 0.2204670011997223
layer1.0.conv1: 0.5885087847709656
layer1.0.conv2: 0.6911972165107727
layer1.1.conv1: 0.6702806353569031
layer1.1.conv2: 0.7528725862503052
layer2.0.conv1: 0.8019222617149353
layer2.0.conv2: 0.7873669266700745
layer2.0.downsample.0: 0.374703049659729
layer2.1.conv1: 0.8396970629692078
layer2.1.conv2: 0.8345329165458679
layer3.0.conv1: 0.8284995555877686
layer3.0.conv2: 0.8918637037277222
layer3.0.downsample.0: 0.6856086850166321
layer3.1.conv1: 0.9026070833206177
layer3.1.conv2: 0.8806538581848145
layer4.0.conv1: 0.9029332399368286
layer4.0.conv2: 0.9437515139579773
layer4.0.downsample.0: 0.7571448683738708
layer4.1.conv1: 0.9176377058029175
layer4.1.conv2: 0.9090577363967896
