.conv1: 0.8558378219604492
layer1.0.conv1: 0.7675826549530029
layer1.0.conv2: 0.851530909538269
layer1.1.conv1: 0.831148087978363
layer1.1.conv2: 0.896416962146759
layer2.0.conv1: 0.9146544933319092
layer2.0.conv2: 0.8943214416503906
layer2.0.downsample.0: 0.03893493860960007
layer2.1.conv1: 0.9302529692649841
layer2.1.conv2: 0.9141513705253601
layer3.0.conv1: 0.9265683889389038
layer3.0.conv2: 0.9544956088066101
layer3.0.downsample.0: 0.3978404998779297
layer3.1.conv1: 0.9552059769630432
layer3.1.conv2: 0.9401581883430481
layer4.0.conv1: 0.9548595547676086
layer4.0.conv2: 0.9736410975456238
layer4.0.downsample.0: 0.5627672672271729
layer4.1.conv1: 0.9496263265609741
layer4.1.conv2: 0.9610137343406677
