.conv1: 0.8558452725410461
layer1.0.conv1: 0.7478326559066772
layer1.0.conv2: 0.8485928773880005
layer1.1.conv1: 0.8226720690727234
layer1.1.conv2: 0.8955444097518921
layer2.0.conv1: 0.9158585667610168
layer2.0.conv2: 0.894386351108551
layer2.0.downsample.0: 0.3233059346675873
layer2.1.conv1: 0.9314084053039551
layer2.1.conv2: 0.9142698645591736
layer3.0.conv1: 0.9266314506530762
layer3.0.conv2: 0.9544944763183594
layer3.0.downsample.0: 0.6488445401191711
layer3.1.conv1: 0.9553033709526062
layer3.1.conv2: 0.9387787580490112
layer4.0.conv1: 0.9548971056938171
layer4.0.conv2: 0.9740409255027771
layer4.0.downsample.0: 0.7307122945785522
layer4.1.conv1: 0.9494351744651794
layer4.1.conv2: 0.9609504342079163
