.conv1: 0.07397058606147766
layer1.0.conv1: 0.4541705250740051
layer1.0.conv2: 0.5679304003715515
layer1.1.conv1: 0.5610761642456055
layer1.1.conv2: 0.625754177570343
layer2.0.conv1: 0.6856088042259216
layer2.0.conv2: 0.6962567567825317
layer2.0.downsample.0: 0.15208546817302704
layer2.1.conv1: 0.7587949633598328
layer2.1.conv2: 0.7538161873817444
layer3.0.conv1: 0.7221250534057617
layer3.0.conv2: 0.8223810195922852
layer3.0.downsample.0: 0.5047329664230347
layer3.1.conv1: 0.8467508554458618
layer3.1.conv2: 0.8243567943572998
layer4.0.conv1: 0.8440931439399719
layer4.0.conv2: 0.9116884469985962
layer4.0.downsample.0: 0.6341285705566406
layer4.1.conv1: 0.8814109563827515
layer4.1.conv2: 0.8466975092887878
