.conv1: 0.855832040309906
layer1.0.conv1: 0.7478103041648865
layer1.0.conv2: 0.8429769277572632
layer1.1.conv1: 0.8213074207305908
layer1.1.conv2: 0.8943677544593811
layer2.0.conv1: 0.9146104454994202
layer2.0.conv2: 0.8943754434585571
layer2.0.downsample.0: 0.38895684480667114
layer2.1.conv1: 0.9323616027832031
layer2.1.conv2: 0.9120988845825195
layer3.0.conv1: 0.9266538619995117
layer3.0.conv2: 0.9543265104293823
layer3.0.downsample.0: 0.6950718760490417
layer3.1.conv1: 0.9569622278213501
layer3.1.conv2: 0.9395895004272461
layer4.0.conv1: 0.9548821449279785
layer4.0.conv2: 0.9740240573883057
layer4.0.downsample.0: 0.7641710638999939
layer4.1.conv1: 0.9494672417640686
layer4.1.conv2: 0.9610214233398438
