.conv1: 0.30611303448677063
layer1.0.conv1: 0.6302638053894043
layer1.0.conv2: 0.7312951683998108
layer1.1.conv1: 0.7157412171363831
layer1.1.conv2: 0.7921046018600464
layer2.0.conv1: 0.8292325139045715
layer2.0.conv2: 0.8159567713737488
layer2.0.downsample.0: 0.4516593813896179
layer2.1.conv1: 0.8666912913322449
layer2.1.conv2: 0.8563260436058044
layer3.0.conv1: 0.8568284511566162
layer3.0.conv2: 0.9103147983551025
layer3.0.downsample.0: 0.7347923517227173
layer3.1.conv1: 0.9173691272735596
layer3.1.conv2: 0.8986471891403198
layer4.0.conv1: 0.9179793000221252
layer4.0.conv2: 0.9520521759986877
layer4.0.downsample.0: 0.7935716509819031
layer4.1.conv1: 0.9268223643302917
layer4.1.conv2: 0.9246554374694824
