.conv1: 0.24771736562252045
layer1.0.conv1: 0.6019859313964844
layer1.0.conv2: 0.710638165473938
layer1.1.conv1: 0.6860809922218323
layer1.1.conv2: 0.7699877619743347
layer2.0.conv1: 0.8169690370559692
layer2.0.conv2: 0.7993109226226807
layer2.0.downsample.0: 0.40318235754966736
layer2.1.conv1: 0.853059709072113
layer2.1.conv2: 0.8421753644943237
layer3.0.conv1: 0.8396866321563721
layer3.0.conv2: 0.8998008966445923
layer3.0.downsample.0: 0.7048128843307495
layer3.1.conv1: 0.9088122248649597
layer3.1.conv2: 0.8873836398124695
layer4.0.conv1: 0.9089128375053406
layer4.0.conv2: 0.9461575150489807
layer4.0.downsample.0: 0.7714630961418152
layer4.1.conv1: 0.9214981198310852
layer4.1.conv2: 0.9152768850326538
