.conv1: 0.855873703956604
layer1.0.conv1: 0.7486254572868347
layer1.0.conv2: 0.8468837738037109
layer1.1.conv1: 0.828271746635437
layer1.1.conv2: 0.8951515555381775
layer2.0.conv1: 0.9148464798927307
layer2.0.conv2: 0.8942908048629761
layer2.0.downsample.0: 0.7283374071121216
layer2.1.conv1: 0.9308226108551025
layer2.1.conv2: 0.9150719046592712
layer3.0.conv1: 0.9266958832740784
layer3.0.conv2: 0.9544093608856201
layer3.0.downsample.0: 0.8716598749160767
layer3.1.conv1: 0.9575851559638977
layer3.1.conv2: 0.9396060109138489
layer4.0.conv1: 0.9548949003219604
layer4.0.conv2: 0.9740597009658813
layer4.0.downsample.0: 0.8997970223426819
layer4.1.conv1: 0.9494994282722473
layer4.1.conv2: 0.9609812498092651
