.conv1: 0.5142475366592407
layer1.0.conv1: 0.7316296100616455
layer1.0.conv2: 0.8094831705093384
layer1.1.conv1: 0.7835977077484131
layer1.1.conv2: 0.8632224202156067
layer2.0.conv1: 0.8921517133712769
layer2.0.conv2: 0.868221640586853
layer2.0.downsample.0: 0.6187754273414612
layer2.1.conv1: 0.9120981097221375
layer2.1.conv2: 0.8945260047912598
layer3.0.conv1: 0.9061591029167175
layer3.0.conv2: 0.9421480894088745
layer3.0.downsample.0: 0.8211121559143066
layer3.1.conv1: 0.9437520503997803
layer3.1.conv2: 0.9268366098403931
layer4.0.conv1: 0.9442952871322632
layer4.0.conv2: 0.9682592153549194
layer4.0.downsample.0: 0.8605688810348511
layer4.1.conv1: 0.9434216618537903
layer4.1.conv2: 0.9507955312728882
