.conv1: 0.8558703660964966
layer1.0.conv1: 0.7891542315483093
layer1.0.conv2: 0.8504160046577454
layer1.1.conv1: 0.822516918182373
layer1.1.conv2: 0.8935248851776123
layer2.0.conv1: 0.9144986271858215
layer2.0.conv2: 0.8944916129112244
layer2.0.downsample.0: 0.3355376422405243
layer2.1.conv1: 0.9307094216346741
layer2.1.conv2: 0.9148961901664734
layer3.0.conv1: 0.9266043901443481
layer3.0.conv2: 0.9544552564620972
layer3.0.downsample.0: 0.6580377221107483
layer3.1.conv1: 0.9555653929710388
layer3.1.conv2: 0.9397286176681519
layer4.0.conv1: 0.9548462629318237
layer4.0.conv2: 0.9736747145652771
layer4.0.downsample.0: 0.737091064453125
layer4.1.conv1: 0.9496797323226929
layer4.1.conv2: 0.9609541893005371
