.conv1: 0.8558506965637207
layer1.0.conv1: 0.7672062516212463
layer1.0.conv2: 0.857100248336792
layer1.1.conv1: 0.8215590715408325
layer1.1.conv2: 0.8961993455886841
layer2.0.conv1: 0.9142325520515442
layer2.0.conv2: 0.8940049409866333
layer2.0.downsample.0: 0.9541823267936707
layer2.1.conv1: 0.9312096238136292
layer2.1.conv2: 0.9165365695953369
layer3.0.conv1: 0.9266928434371948
layer3.0.conv2: 0.9544057250022888
layer3.0.downsample.0: 0.9790936708450317
layer3.1.conv1: 0.9571163058280945
layer3.1.conv2: 0.939787745475769
layer4.0.conv1: 0.9548080563545227
layer4.0.conv2: 0.9736748337745667
layer4.0.downsample.0: 0.9850210547447205
layer4.1.conv1: 0.9495362639427185
layer4.1.conv2: 0.9609529376029968
