.conv1: 0.8474322557449341
layer1.0.conv1: 0.747735321521759
layer1.0.conv2: 0.8478595018386841
layer1.1.conv1: 0.8212094306945801
layer1.1.conv2: 0.896662175655365
layer2.0.conv1: 0.9159853458404541
layer2.0.conv2: 0.8943045735359192
layer2.0.downsample.0: 0.7848820090293884
layer2.1.conv1: 0.9325440526008606
layer2.1.conv2: 0.915274441242218
layer3.0.conv1: 0.9265248775482178
layer3.0.conv2: 0.9544057846069336
layer3.0.downsample.0: 0.8999592661857605
layer3.1.conv1: 0.9570279121398926
layer3.1.conv2: 0.9383901953697205
layer4.0.conv1: 0.9548547863960266
layer4.0.conv2: 0.9740411043167114
layer4.0.downsample.0: 0.9204093217849731
layer4.1.conv1: 0.9495016932487488
layer4.1.conv2: 0.9610368013381958
