.conv1: 0.8558688759803772
layer1.0.conv1: 0.7479979991912842
layer1.0.conv2: 0.8429083228111267
layer1.1.conv1: 0.8229332566261292
layer1.1.conv2: 0.8931648135185242
layer2.0.conv1: 0.9148712158203125
layer2.0.conv2: 0.8942475914955139
layer2.0.downsample.0: 0.2129436433315277
layer2.1.conv1: 0.9304442405700684
layer2.1.conv2: 0.9156250357627869
layer3.0.conv1: 0.9266624450683594
layer3.0.conv2: 0.9544783234596252
layer3.0.downsample.0: 0.5609540343284607
layer3.1.conv1: 0.9556388258934021
layer3.1.conv2: 0.9412803053855896
layer4.0.conv1: 0.9549233317375183
layer4.0.conv2: 0.9740318059921265
layer4.0.downsample.0: 0.6710501313209534
layer4.1.conv1: 0.9497025609016418
layer4.1.conv2: 0.9609885811805725
