.conv1: 0.8558579087257385
layer1.0.conv1: 0.7489074468612671
layer1.0.conv2: 0.8486625552177429
layer1.1.conv1: 0.8202993273735046
layer1.1.conv2: 0.8933208584785461
layer2.0.conv1: 0.9188694357872009
layer2.0.conv2: 0.8943560719490051
layer2.0.downsample.0: 0.06890290230512619
layer2.1.conv1: 0.931583821773529
layer2.1.conv2: 0.9128320813179016
layer3.0.conv1: 0.9265397787094116
layer3.0.conv2: 0.9543840885162354
layer3.0.downsample.0: 0.42536741495132446
layer3.1.conv1: 0.9557833075523376
layer3.1.conv2: 0.9394810795783997
layer4.0.conv1: 0.9548785090446472
layer4.0.conv2: 0.9740246534347534
layer4.0.downsample.0: 0.5808895230293274
layer4.1.conv1: 0.9495412111282349
layer4.1.conv2: 0.9609524607658386
