.conv1: 0.06981685757637024
layer1.0.conv1: 0.44397425651550293
layer1.0.conv2: 0.558647871017456
layer1.1.conv1: 0.5550636649131775
layer1.1.conv2: 0.6149187684059143
layer2.0.conv1: 0.6741854548454285
layer2.0.conv2: 0.6879196166992188
layer2.0.downsample.0: 0.1366511732339859
layer2.1.conv1: 0.7491121888160706
layer2.1.conv2: 0.7467673420906067
layer3.0.conv1: 0.7128094434738159
layer3.0.conv2: 0.8169973492622375
layer3.0.downsample.0: 0.4896516799926758
layer3.1.conv1: 0.8402345180511475
layer3.1.conv2: 0.8203596472740173
layer4.0.conv1: 0.8395715355873108
layer4.0.conv2: 0.9079673886299133
layer4.0.downsample.0: 0.6239708662033081
layer4.1.conv1: 0.8781272172927856
layer4.1.conv2: 0.8409367799758911
