.conv1: 0.0968962013721466
layer1.0.conv1: 0.47943800687789917
layer1.0.conv2: 0.5962222814559937
layer1.1.conv1: 0.5903447866439819
layer1.1.conv2: 0.6525194048881531
layer2.0.conv1: 0.717141330242157
layer2.0.conv2: 0.7142083048820496
layer2.0.downsample.0: 0.19414035975933075
layer2.1.conv1: 0.7760732769966125
layer2.1.conv2: 0.7715648412704468
layer3.0.conv1: 0.7453914880752563
layer3.0.conv2: 0.8379902839660645
layer3.0.downsample.0: 0.5445249080657959
layer3.1.conv1: 0.8596311211585999
layer3.1.conv2: 0.8363928198814392
layer4.0.conv1: 0.8577641248703003
layer4.0.conv2: 0.918677806854248
layer4.0.downsample.0: 0.6602084636688232
layer4.1.conv1: 0.8892432451248169
layer4.1.conv2: 0.8611422777175903
