.conv1: 0.8558704257011414
layer1.0.conv1: 0.7480050325393677
layer1.0.conv2: 0.8454223275184631
layer1.1.conv1: 0.8201903104782104
layer1.1.conv2: 0.8962146043777466
layer2.0.conv1: 0.9167468547821045
layer2.0.conv2: 0.8941123485565186
layer2.0.downsample.0: 0.11322391033172607
layer2.1.conv1: 0.9317794442176819
layer2.1.conv2: 0.915044903755188
layer3.0.conv1: 0.9265607595443726
layer3.0.conv2: 0.9544703960418701
layer3.0.downsample.0: 0.467916339635849
layer3.1.conv1: 0.9564723372459412
layer3.1.conv2: 0.9390318393707275
layer4.0.conv1: 0.9548892378807068
layer4.0.conv2: 0.9740691781044006
layer4.0.downsample.0: 0.6092026233673096
layer4.1.conv1: 0.9496015906333923
layer4.1.conv2: 0.9609504342079163
