.conv1: 0.85586017370224
layer1.0.conv1: 0.7695125937461853
layer1.0.conv2: 0.8477387428283691
layer1.1.conv1: 0.8225431442260742
layer1.1.conv2: 0.8959776163101196
layer2.0.conv1: 0.9153954982757568
layer2.0.conv2: 0.8941540122032166
layer2.0.downsample.0: 0.25360095500946045
layer2.1.conv1: 0.9321348667144775
layer2.1.conv2: 0.9144881963729858
layer3.0.conv1: 0.9265384078025818
layer3.0.conv2: 0.9544528722763062
layer3.0.downsample.0: 0.594846785068512
layer3.1.conv1: 0.9570551514625549
layer3.1.conv2: 0.9408801198005676
layer4.0.conv1: 0.9547940492630005
layer4.0.conv2: 0.9740311503410339
layer4.0.downsample.0: 0.6937877535820007
layer4.1.conv1: 0.9495294690132141
layer4.1.conv2: 0.9609865546226501
