.conv1: 0.8558685779571533
layer1.0.conv1: 0.7634173035621643
layer1.0.conv2: 0.8451421856880188
layer1.1.conv1: 0.8216259479522705
layer1.1.conv2: 0.9001495838165283
layer2.0.conv1: 0.9158181548118591
layer2.0.conv2: 0.8944253325462341
layer2.0.downsample.0: 0.37470245361328125
layer2.1.conv1: 0.9338829517364502
layer2.1.conv2: 0.9148062467575073
layer3.0.conv1: 0.9265991449356079
layer3.0.conv2: 0.9544774293899536
layer3.0.downsample.0: 0.6856138110160828
layer3.1.conv1: 0.9556231498718262
layer3.1.conv2: 0.9408620595932007
layer4.0.conv1: 0.9548890590667725
layer4.0.conv2: 0.9738277792930603
layer4.0.downsample.0: 0.7571473121643066
layer4.1.conv1: 0.9496739506721497
layer4.1.conv2: 0.9610366821289062
