.conv1: 0.8558724522590637
layer1.0.conv1: 0.7573709487915039
layer1.0.conv2: 0.8476522564888
layer1.1.conv1: 0.8203449845314026
layer1.1.conv2: 0.8931342363357544
layer2.0.conv1: 0.9137287735939026
layer2.0.conv2: 0.894001305103302
layer2.0.downsample.0: 0.06196092069149017
layer2.1.conv1: 0.9333000183105469
layer2.1.conv2: 0.9145428538322449
layer3.0.conv1: 0.926600456237793
layer3.0.conv2: 0.9544099569320679
layer3.0.downsample.0: 0.41835081577301025
layer3.1.conv1: 0.957031786441803
layer3.1.conv2: 0.9406512975692749
layer4.0.conv1: 0.9548126459121704
layer4.0.conv2: 0.9740061163902283
layer4.0.downsample.0: 0.5762553811073303
layer4.1.conv1: 0.9495736956596375
layer4.1.conv2: 0.9610360264778137
