.conv1: 0.8558406233787537
layer1.0.conv1: 0.7488561272621155
layer1.0.conv2: 0.8467248678207397
layer1.1.conv1: 0.8228704929351807
layer1.1.conv2: 0.8953109383583069
layer2.0.conv1: 0.9181919693946838
layer2.0.conv2: 0.8943477272987366
layer2.0.downsample.0: 0.618775486946106
layer2.1.conv1: 0.9317998886108398
layer2.1.conv2: 0.9120168685913086
layer3.0.conv1: 0.9266191720962524
layer3.0.conv2: 0.9544718861579895
layer3.0.downsample.0: 0.8211128115653992
layer3.1.conv1: 0.9555364847183228
layer3.1.conv2: 0.9394866824150085
layer4.0.conv1: 0.9548478722572327
layer4.0.conv2: 0.9736685752868652
layer4.0.downsample.0: 0.8605690002441406
layer4.1.conv1: 0.9496992826461792
layer4.1.conv2: 0.9610246419906616
