.conv1: 0.5503321290016174
layer1.0.conv1: 0.741934597492218
layer1.0.conv2: 0.823444128036499
layer1.1.conv1: 0.7966928482055664
layer1.1.conv2: 0.8780384659767151
layer2.0.conv1: 0.896793007850647
layer2.0.conv2: 0.8767657279968262
layer2.0.downsample.0: 0.6461926102638245
layer2.1.conv1: 0.9182805418968201
layer2.1.conv2: 0.9010191559791565
layer3.0.conv1: 0.912684977054596
layer3.0.conv2: 0.9460976123809814
layer3.0.downsample.0: 0.8331031799316406
layer3.1.conv1: 0.9474540948867798
layer3.1.conv2: 0.9310798048973083
layer4.0.conv1: 0.9477530717849731
layer4.0.conv2: 0.9699140787124634
layer4.0.downsample.0: 0.8703577518463135
layer4.1.conv1: 0.9451810121536255
layer4.1.conv2: 0.9541403651237488
