.conv1: 0.847561240196228
layer1.0.conv1: 0.7668415307998657
layer1.0.conv2: 0.8562720417976379
layer1.1.conv1: 0.8202665448188782
layer1.1.conv2: 0.8949303030967712
layer2.0.conv1: 0.9146943092346191
layer2.0.conv2: 0.8941066861152649
layer2.0.downsample.0: 0.756039559841156
layer2.1.conv1: 0.9300487041473389
layer2.1.conv2: 0.9118544459342957
layer3.0.conv1: 0.926567018032074
layer3.0.conv2: 0.954465925693512
layer3.0.downsample.0: 0.8853011727333069
layer3.1.conv1: 0.9554433822631836
layer3.1.conv2: 0.9408463835716248
layer4.0.conv1: 0.9548293352127075
layer4.0.conv2: 0.9740383625030518
layer4.0.downsample.0: 0.9099849462509155
layer4.1.conv1: 0.9494919776916504
layer4.1.conv2: 0.9609561562538147
