.conv1: 0.8558386564254761
layer1.0.conv1: 0.7475519776344299
layer1.0.conv2: 0.8479844927787781
layer1.1.conv1: 0.822529137134552
layer1.1.conv2: 0.8952088952064514
layer2.0.conv1: 0.9147866368293762
layer2.0.conv2: 0.8940013647079468
layer2.0.downsample.0: 0.12095648795366287
layer2.1.conv1: 0.9306073784828186
layer2.1.conv2: 0.9166122078895569
layer3.0.conv1: 0.9265791773796082
layer3.0.conv2: 0.9544335603713989
layer3.0.downsample.0: 0.4751104414463043
layer3.1.conv1: 0.9571995735168457
layer3.1.conv2: 0.93912672996521
layer4.0.conv1: 0.954835057258606
layer4.0.conv2: 0.9741000533103943
layer4.0.downsample.0: 0.6139963865280151
layer4.1.conv1: 0.94977205991745
layer4.1.conv2: 0.9609482288360596
