.conv1: 0.4631330966949463
layer1.0.conv1: 0.6850298643112183
layer1.0.conv2: 0.7897096872329712
layer1.1.conv1: 0.760888934135437
layer1.1.conv2: 0.8437814712524414
layer2.0.conv1: 0.8759196400642395
layer2.0.conv2: 0.8538118600845337
layer2.0.downsample.0: 0.5704219341278076
layer2.1.conv1: 0.9002534747123718
layer2.1.conv2: 0.8862195611000061
layer3.0.conv1: 0.8932333588600159
layer3.0.conv2: 0.9345608949661255
layer3.0.downsample.0: 0.7988203167915344
layer3.1.conv1: 0.9371603727340698
layer3.1.conv2: 0.9189172983169556
layer4.0.conv1: 0.9371305108070374
layer4.0.conv2: 0.9641600847244263
layer4.0.downsample.0: 0.8423117995262146
layer4.1.conv1: 0.9386967420578003
layer4.1.conv2: 0.9441593885421753
