.conv1: 0.8558475971221924
layer1.0.conv1: 0.7478802800178528
layer1.0.conv2: 0.8481304049491882
layer1.1.conv1: 0.8330294489860535
layer1.1.conv2: 0.8946413397789001
layer2.0.conv1: 0.9158530235290527
layer2.0.conv2: 0.894589900970459
layer2.0.downsample.0: 0.29907575249671936
layer2.1.conv1: 0.9315539002418518
layer2.1.conv2: 0.9119716882705688
layer3.0.conv1: 0.9267135858535767
layer3.0.conv2: 0.9544160962104797
layer3.0.downsample.0: 0.6307010650634766
layer3.1.conv1: 0.9562423825263977
layer3.1.conv2: 0.9394935965538025
layer4.0.conv1: 0.9548718929290771
layer4.0.conv2: 0.9740293622016907
layer4.0.downsample.0: 0.7180154919624329
layer4.1.conv1: 0.9496720433235168
layer4.1.conv2: 0.960954487323761
