.conv1: 0.8558536171913147
layer1.0.conv1: 0.767215371131897
layer1.0.conv2: 0.8480808138847351
layer1.1.conv1: 0.821105420589447
layer1.1.conv2: 0.8931663036346436
layer2.0.conv1: 0.9154427647590637
layer2.0.conv2: 0.8942160606384277
layer2.0.downsample.0: 0.48798975348472595
layer2.1.conv1: 0.9348829388618469
layer2.1.conv2: 0.9126842021942139
layer3.0.conv1: 0.9265960454940796
layer3.0.conv2: 0.9545822143554688
layer3.0.downsample.0: 0.7556368708610535
layer3.1.conv1: 0.9563705325126648
layer3.1.conv2: 0.9400417804718018
layer4.0.conv1: 0.9549767374992371
layer4.0.conv2: 0.9741232395172119
layer4.0.downsample.0: 0.8089974522590637
layer4.1.conv1: 0.9495756030082703
layer4.1.conv2: 0.9609542489051819
