.conv1: 0.8475154638290405
layer1.0.conv1: 0.7476978898048401
layer1.0.conv2: 0.8478866815567017
layer1.1.conv1: 0.8337998986244202
layer1.1.conv2: 0.8988496661186218
layer2.0.conv1: 0.9191865921020508
layer2.0.conv2: 0.8940104842185974
layer2.0.downsample.0: 0.020179182291030884
layer2.1.conv1: 0.9309390187263489
layer2.1.conv2: 0.9126272201538086
layer3.0.conv1: 0.9265702366828918
layer3.0.conv2: 0.9543348550796509
layer3.0.downsample.0: 0.3841460049152374
layer3.1.conv1: 0.9563968181610107
layer3.1.conv2: 0.9400402903556824
layer4.0.conv1: 0.9548789262771606
layer4.0.conv2: 0.9739858508110046
layer4.0.downsample.0: 0.5539430379867554
layer4.1.conv1: 0.9497426748275757
layer4.1.conv2: 0.9609494805335999
