.conv1: 0.40272191166877747
layer1.0.conv1: 0.6536751985549927
layer1.0.conv2: 0.761672854423523
layer1.1.conv1: 0.735458493232727
layer1.1.conv2: 0.816177487373352
layer2.0.conv1: 0.8581241965293884
layer2.0.conv2: 0.8335894346237183
layer2.0.downsample.0: 0.5071415901184082
layer2.1.conv1: 0.8830340504646301
layer2.1.conv2: 0.8686107993125916
layer3.0.conv1: 0.8744226098060608
layer3.0.conv2: 0.9231957793235779
layer3.0.downsample.0: 0.7660102248191833
layer3.1.conv1: 0.9267932772636414
layer3.1.conv2: 0.908484697341919
layer4.0.conv1: 0.9274541735649109
layer4.0.conv2: 0.9574673771858215
layer4.0.downsample.0: 0.8170214891433716
layer4.1.conv1: 0.9329174160957336
layer4.1.conv2: 0.9342288374900818
