.conv1: 0.8558618426322937
layer1.0.conv1: 0.7492745518684387
layer1.0.conv2: 0.8483845591545105
layer1.1.conv1: 0.8208332061767578
layer1.1.conv2: 0.8930894732475281
layer2.0.conv1: 0.9169079661369324
layer2.0.conv2: 0.8939164280891418
layer2.0.downsample.0: 0.030052052810788155
layer2.1.conv1: 0.9321773052215576
layer2.1.conv2: 0.9144365787506104
layer3.0.conv1: 0.9265974164009094
layer3.0.conv2: 0.9544811248779297
layer3.0.downsample.0: 0.39105382561683655
layer3.1.conv1: 0.9546641707420349
layer3.1.conv2: 0.9419564604759216
layer4.0.conv1: 0.9548814296722412
layer4.0.conv2: 0.9741012454032898
layer4.0.downsample.0: 0.5583469867706299
layer4.1.conv1: 0.9496572613716125
layer4.1.conv2: 0.9609504342079163
