.conv1: 0.8558431267738342
layer1.0.conv1: 0.7477375268936157
layer1.0.conv2: 0.8484628796577454
layer1.1.conv1: 0.8201867938041687
layer1.1.conv2: 0.8980197906494141
layer2.0.conv1: 0.9144998788833618
layer2.0.conv2: 0.8942514657974243
layer2.0.downsample.0: 0.34809744358062744
layer2.1.conv1: 0.9320483803749084
layer2.1.conv2: 0.9118411540985107
layer3.0.conv1: 0.9265884160995483
layer3.0.conv2: 0.9544515609741211
layer3.0.downsample.0: 0.6670898199081421
layer3.1.conv1: 0.9570693373680115
layer3.1.conv2: 0.9413893818855286
layer4.0.conv1: 0.9548604488372803
layer4.0.conv2: 0.9740766286849976
layer4.0.downsample.0: 0.743587076663971
layer4.1.conv1: 0.949826717376709
layer4.1.conv2: 0.9609860777854919
