.conv1: 0.48076069355010986
layer1.0.conv1: 0.6941190958023071
layer1.0.conv2: 0.8009409308433533
layer1.1.conv1: 0.7741730213165283
layer1.1.conv2: 0.8604640960693359
layer2.0.conv1: 0.8839486241340637
layer2.0.conv2: 0.8610614538192749
layer2.0.downsample.0: 0.5929449796676636
layer2.1.conv1: 0.9062381982803345
layer2.1.conv2: 0.8880767226219177
layer3.0.conv1: 0.8998595476150513
layer3.0.conv2: 0.9383323192596436
layer3.0.downsample.0: 0.8098256587982178
layer3.1.conv1: 0.9411188364028931
layer3.1.conv2: 0.9224660396575928
layer4.0.conv1: 0.9406967759132385
layer4.0.conv2: 0.965848982334137
layer4.0.downsample.0: 0.8514038920402527
layer4.1.conv1: 0.9411471486091614
layer4.1.conv2: 0.947444498538971
