.conv1: 0.8474503755569458
layer1.0.conv1: 0.74782395362854
layer1.0.conv2: 0.8524329662322998
layer1.1.conv1: 0.8297927379608154
layer1.1.conv2: 0.8942150473594666
layer2.0.conv1: 0.9149335622787476
layer2.0.conv2: 0.8942261934280396
layer2.0.downsample.0: 0.15208479762077332
layer2.1.conv1: 0.9304526448249817
layer2.1.conv2: 0.9117624163627625
layer3.0.conv1: 0.9265370965003967
layer3.0.conv2: 0.9545206427574158
layer3.0.downsample.0: 0.5047324299812317
layer3.1.conv1: 0.955547571182251
layer3.1.conv2: 0.9387925863265991
layer4.0.conv1: 0.9548884630203247
layer4.0.conv2: 0.9736823439598083
layer4.0.downsample.0: 0.6340993046760559
layer4.1.conv1: 0.9497323632240295
layer4.1.conv2: 0.9609449505805969
