.conv1: 0.8558299541473389
layer1.0.conv1: 0.7489755749702454
layer1.0.conv2: 0.8448985815048218
layer1.1.conv1: 0.8216402530670166
layer1.1.conv2: 0.8983718156814575
layer2.0.conv1: 0.9175918102264404
layer2.0.conv2: 0.8940337896347046
layer2.0.downsample.0: 0.23284342885017395
layer2.1.conv1: 0.9326683878898621
layer2.1.conv2: 0.9149467945098877
layer3.0.conv1: 0.9265424013137817
layer3.0.conv2: 0.9544816017150879
layer3.0.downsample.0: 0.5776420831680298
layer3.1.conv1: 0.957688570022583
layer3.1.conv2: 0.9386533498764038
layer4.0.conv1: 0.9548776149749756
layer4.0.conv2: 0.973943829536438
layer4.0.downsample.0: 0.682320773601532
layer4.1.conv1: 0.9495521783828735
layer4.1.conv2: 0.9609547257423401
