.conv1: 0.8558408617973328
layer1.0.conv1: 0.7680091261863708
layer1.0.conv2: 0.8481593132019043
layer1.1.conv1: 0.8273513317108154
layer1.1.conv2: 0.8961066603660583
layer2.0.conv1: 0.9173632264137268
layer2.0.conv2: 0.894101619720459
layer2.0.downsample.0: 0.526370644569397
layer2.1.conv1: 0.9301998615264893
layer2.1.conv2: 0.9131329655647278
layer3.0.conv1: 0.9265650510787964
layer3.0.conv2: 0.9545027017593384
layer3.0.downsample.0: 0.7767848372459412
layer3.1.conv1: 0.955495297908783
layer3.1.conv2: 0.9394652843475342
layer4.0.conv1: 0.9548131227493286
layer4.0.conv2: 0.9736580848693848
layer4.0.downsample.0: 0.8252917528152466
layer4.1.conv1: 0.9496962428092957
layer4.1.conv2: 0.9609526991844177
