.conv1: 0.4402860403060913
layer1.0.conv1: 0.6817348003387451
layer1.0.conv2: 0.7845732569694519
layer1.1.conv1: 0.7562240958213806
layer1.1.conv2: 0.8340974450111389
layer2.0.conv1: 0.8663806915283203
layer2.0.conv2: 0.8467093110084534
layer2.0.downsample.0: 0.5480868220329285
layer2.1.conv1: 0.8943193554878235
layer2.1.conv2: 0.878687858581543
layer3.0.conv1: 0.8867537379264832
layer3.0.conv2: 0.9305852651596069
layer3.0.downsample.0: 0.7877776026725769
layer3.1.conv1: 0.9324917793273926
layer3.1.conv2: 0.9143568277359009
layer4.0.conv1: 0.933878481388092
layer4.0.conv2: 0.961860179901123
layer4.0.downsample.0: 0.8337915539741516
layer4.1.conv1: 0.9369427561759949
layer4.1.conv2: 0.9408319592475891
