.conv1: 0.8473649024963379
layer1.0.conv1: 0.748640239238739
layer1.0.conv2: 0.847537636756897
layer1.1.conv1: 0.8225768208503723
layer1.1.conv2: 0.8957182765007019
layer2.0.conv1: 0.9132204651832581
layer2.0.conv2: 0.8946110606193542
layer2.0.downsample.0: 0.8784642815589905
layer2.1.conv1: 0.930629312992096
layer2.1.conv2: 0.9154414534568787
layer3.0.conv1: 0.9266727566719055
layer3.0.conv2: 0.9545043110847473
layer3.0.downsample.0: 0.9460000991821289
layer3.1.conv1: 0.957003653049469
layer3.1.conv2: 0.9414288401603699
layer4.0.conv1: 0.9548460245132446
layer4.0.conv2: 0.9740082025527954
layer4.0.downsample.0: 0.9566707611083984
layer4.1.conv1: 0.9498040676116943
layer4.1.conv2: 0.9610134363174438
