.conv1: 0.8558491468429565
layer1.0.conv1: 0.7601611018180847
layer1.0.conv2: 0.8485831022262573
layer1.1.conv1: 0.8275922536849976
layer1.1.conv2: 0.8981314301490784
layer2.0.conv1: 0.9132701754570007
layer2.0.conv2: 0.89442378282547
layer2.0.downsample.0: 0.5480853319168091
layer2.1.conv1: 0.9303685426712036
layer2.1.conv2: 0.9146472215652466
layer3.0.conv1: 0.926594078540802
layer3.0.conv2: 0.9543572068214417
layer3.0.downsample.0: 0.7877817749977112
layer3.1.conv1: 0.9547538757324219
layer3.1.conv2: 0.9401851296424866
layer4.0.conv1: 0.9547926187515259
layer4.0.conv2: 0.9739456176757812
layer4.0.downsample.0: 0.833789587020874
layer4.1.conv1: 0.9496223330497742
layer4.1.conv2: 0.960970938205719
