.conv1: 0.0768616646528244
layer1.0.conv1: 0.45523208379745483
layer1.0.conv2: 0.5709242820739746
layer1.1.conv1: 0.574249804019928
layer1.1.conv2: 0.6315094828605652
layer2.0.conv1: 0.6881664991378784
layer2.0.conv2: 0.6992795467376709
layer2.0.downsample.0: 0.16041231155395508
layer2.1.conv1: 0.7595093250274658
layer2.1.conv2: 0.7579435110092163
layer3.0.conv1: 0.7269043922424316
layer3.0.conv2: 0.8252844214439392
layer3.0.downsample.0: 0.5124388933181763
layer3.1.conv1: 0.8486881852149963
layer3.1.conv2: 0.8263344764709473
layer4.0.conv1: 0.8471339344978333
layer4.0.conv2: 0.9122874140739441
layer4.0.downsample.0: 0.6391846537590027
layer4.1.conv1: 0.8826906681060791
layer4.1.conv2: 0.8495230078697205
