.conv1: 0.6330983638763428
layer1.0.conv1: 0.768073558807373
layer1.0.conv2: 0.8465160131454468
layer1.1.conv1: 0.8267211318016052
layer1.1.conv2: 0.8951714038848877
layer2.0.conv1: 0.915210485458374
layer2.0.conv2: 0.8942939639091492
layer2.0.downsample.0: 0.7000451683998108
layer2.1.conv1: 0.9321228265762329
layer2.1.conv2: 0.9166733622550964
layer3.0.conv1: 0.9266751408576965
layer3.0.conv2: 0.9546363949775696
layer3.0.downsample.0: 0.8584651350975037
layer3.1.conv1: 0.9573957324028015
layer3.1.conv2: 0.9398980140686035
layer4.0.conv1: 0.9549370408058167
layer4.0.conv2: 0.974025547504425
layer4.0.downsample.0: 0.8897678256034851
layer4.1.conv1: 0.949480414390564
layer4.1.conv2: 0.9609558582305908
