.conv1: 0.8558655977249146
layer1.0.conv1: 0.747660219669342
layer1.0.conv2: 0.8496371507644653
layer1.1.conv1: 0.8231498599052429
layer1.1.conv2: 0.896755039691925
layer2.0.conv1: 0.9130716919898987
layer2.0.conv2: 0.8942273259162903
layer2.0.downsample.0: 0.27517062425613403
layer2.1.conv1: 0.9324955940246582
layer2.1.conv2: 0.9142876267433167
layer3.0.conv1: 0.9265219569206238
layer3.0.conv2: 0.9544859528541565
layer3.0.downsample.0: 0.6126084923744202
layer3.1.conv1: 0.9579058885574341
layer3.1.conv2: 0.9418914914131165
layer4.0.conv1: 0.9548363089561462
layer4.0.conv2: 0.9736266732215881
layer4.0.downsample.0: 0.7056265473365784
layer4.1.conv1: 0.9496800303459167
layer4.1.conv2: 0.9609516263008118
