.conv1: 0.11153868585824966
layer1.0.conv1: 0.4999766945838928
layer1.0.conv2: 0.6109403371810913
layer1.1.conv1: 0.6042771339416504
layer1.1.conv2: 0.6684992909431458
layer2.0.conv1: 0.7292476296424866
layer2.0.conv2: 0.727746844291687
layer2.0.downsample.0: 0.2226582169532776
layer2.1.conv1: 0.7866095304489136
layer2.1.conv2: 0.7833790183067322
layer3.0.conv1: 0.760473906993866
layer3.0.conv2: 0.8473045229911804
layer3.0.downsample.0: 0.5694307088851929
layer3.1.conv1: 0.8676015138626099
layer3.1.conv2: 0.8445301651954651
layer4.0.conv1: 0.865378201007843
layer4.0.conv2: 0.9229521751403809
layer4.0.downsample.0: 0.6765117645263672
layer4.1.conv1: 0.8944335579872131
layer4.1.conv2: 0.8699916005134583
