.conv1: 0.8558688163757324
layer1.0.conv1: 0.7893474102020264
layer1.0.conv2: 0.8480846285820007
layer1.1.conv1: 0.8277504444122314
layer1.1.conv2: 0.8963013291358948
layer2.0.conv1: 0.9143702983856201
layer2.0.conv2: 0.894253134727478
layer2.0.downsample.0: 0.19412532448768616
layer2.1.conv1: 0.9306476712226868
layer2.1.conv2: 0.9157420992851257
layer3.0.conv1: 0.9266168475151062
layer3.0.conv2: 0.9544042944908142
layer3.0.downsample.0: 0.544539749622345
layer3.1.conv1: 0.9554466605186462
layer3.1.conv2: 0.9402179718017578
layer4.0.conv1: 0.9548447728157043
layer4.0.conv2: 0.9740355014801025
layer4.0.downsample.0: 0.6602076292037964
layer4.1.conv1: 0.9497856497764587
layer4.1.conv2: 0.9609464406967163
