.conv1: 0.8474832773208618
layer1.0.conv1: 0.74817955493927
layer1.0.conv2: 0.8474171757698059
layer1.1.conv1: 0.8288726210594177
layer1.1.conv2: 0.8963496088981628
layer2.0.conv1: 0.9148517847061157
layer2.0.conv2: 0.8941909074783325
layer2.0.downsample.0: 0.9144690036773682
layer2.1.conv1: 0.9321054220199585
layer2.1.conv2: 0.9159475564956665
layer3.0.conv1: 0.9265661835670471
layer3.0.conv2: 0.9545185565948486
layer3.0.downsample.0: 0.9621670842170715
layer3.1.conv1: 0.9556830525398254
layer3.1.conv2: 0.9390017986297607
layer4.0.conv1: 0.9548656344413757
layer4.0.conv2: 0.9740816354751587
layer4.0.downsample.0: 0.9705395698547363
layer4.1.conv1: 0.9498904347419739
layer4.1.conv2: 0.9609788060188293
