.conv1: 0.8558700680732727
layer1.0.conv1: 0.7477321624755859
layer1.0.conv2: 0.8485939502716064
layer1.1.conv1: 0.8214151859283447
layer1.1.conv2: 0.8971464037895203
layer2.0.conv1: 0.9191231727600098
layer2.0.conv2: 0.8939778804779053
layer2.0.downsample.0: 0.28690585494041443
layer2.1.conv1: 0.9322972297668457
layer2.1.conv2: 0.9158249497413635
layer3.0.conv1: 0.9265249371528625
layer3.0.conv2: 0.9544991850852966
layer3.0.downsample.0: 0.6215857863426208
layer3.1.conv1: 0.9568845629692078
layer3.1.conv2: 0.9394923448562622
layer4.0.conv1: 0.9549128413200378
layer4.0.conv2: 0.9740317463874817
layer4.0.downsample.0: 0.7117472290992737
layer4.1.conv1: 0.949710488319397
layer4.1.conv2: 0.9609506130218506
