.conv1: 0.09989427030086517
layer1.0.conv1: 0.48643431067466736
layer1.0.conv2: 0.6017374992370605
layer1.1.conv1: 0.5863667130470276
layer1.1.conv2: 0.6587274074554443
layer2.0.conv1: 0.7131738662719727
layer2.0.conv2: 0.7172178030014038
layer2.0.downsample.0: 0.20345522463321686
layer2.1.conv1: 0.7793055772781372
layer2.1.conv2: 0.7759189009666443
layer3.0.conv1: 0.7501657605171204
layer3.0.conv2: 0.8401140570640564
layer3.0.downsample.0: 0.5527610778808594
layer3.1.conv1: 0.8613049983978271
layer3.1.conv2: 0.8397982716560364
layer4.0.conv1: 0.8601377010345459
layer4.0.conv2: 0.9200301766395569
layer4.0.downsample.0: 0.6656035780906677
layer4.1.conv1: 0.891187310218811
layer4.1.conv2: 0.8640236854553223
