.conv1: 0.12171816825866699
layer1.0.conv1: 0.5077196359634399
layer1.0.conv2: 0.6250274181365967
layer1.1.conv1: 0.6073240637779236
layer1.1.conv2: 0.6795637607574463
layer2.0.conv1: 0.73542320728302
layer2.0.conv2: 0.7350174188613892
layer2.0.downsample.0: 0.2431272715330124
layer2.1.conv1: 0.7938571572303772
layer2.1.conv2: 0.7905368804931641
layer3.0.conv1: 0.7698105573654175
layer3.0.conv2: 0.8542284369468689
layer3.0.downsample.0: 0.586171567440033
layer3.1.conv1: 0.8723610639572144
layer3.1.conv2: 0.8495172262191772
layer4.0.conv1: 0.8710841536521912
layer4.0.conv2: 0.9259048104286194
layer4.0.downsample.0: 0.6879792213439941
layer4.1.conv1: 0.8983840942382812
layer4.1.conv2: 0.8758296966552734
