.conv1: 0.8558341264724731
layer1.0.conv1: 0.748130738735199
layer1.0.conv2: 0.8565763235092163
layer1.1.conv1: 0.8207505345344543
layer1.1.conv2: 0.893006443977356
layer2.0.conv1: 0.920077383518219
layer2.0.conv2: 0.8941704630851746
layer2.0.downsample.0: 0.07677567005157471
layer2.1.conv1: 0.9323905110359192
layer2.1.conv2: 0.9150946140289307
layer3.0.conv1: 0.9266080856323242
layer3.0.conv2: 0.9544298052787781
layer3.0.downsample.0: 0.4323655068874359
layer3.1.conv1: 0.9573339223861694
layer3.1.conv2: 0.9390960931777954
layer4.0.conv1: 0.9548781514167786
layer4.0.conv2: 0.974052906036377
layer4.0.downsample.0: 0.5854895114898682
layer4.1.conv1: 0.9496670365333557
layer4.1.conv2: 0.960963785648346
