.conv1: 0.07310996949672699
layer1.0.conv1: 0.44966012239456177
layer1.0.conv2: 0.562240481376648
layer1.1.conv1: 0.5586682558059692
layer1.1.conv2: 0.6187562942504883
layer2.0.conv1: 0.6894996166229248
layer2.0.conv2: 0.6936888098716736
layer2.0.downsample.0: 0.14469073712825775
layer2.1.conv1: 0.7552634477615356
layer2.1.conv2: 0.7514441013336182
layer3.0.conv1: 0.7175615429878235
layer3.0.conv2: 0.8185818791389465
layer3.0.downsample.0: 0.4972616136074066
layer3.1.conv1: 0.8439069986343384
layer3.1.conv2: 0.8219435214996338
layer4.0.conv1: 0.8425479531288147
layer4.0.conv2: 0.9098506569862366
layer4.0.downsample.0: 0.6290433406829834
layer4.1.conv1: 0.8797532320022583
layer4.1.conv2: 0.8438094854354858
