.conv1: 0.8558732271194458
layer1.0.conv1: 0.7490322589874268
layer1.0.conv2: 0.8484570384025574
layer1.1.conv1: 0.8249613046646118
layer1.1.conv2: 0.8944633603096008
layer2.0.conv1: 0.9156638979911804
layer2.0.conv2: 0.8941717743873596
layer2.0.downsample.0: 0.4186265170574188
layer2.1.conv1: 0.9303061366081238
layer2.1.conv2: 0.9156814813613892
layer3.0.conv1: 0.926666796207428
layer3.0.conv2: 0.9544987678527832
layer3.0.downsample.0: 0.7146689891815186
layer3.1.conv1: 0.9555805921554565
layer3.1.conv2: 0.9387785196304321
layer4.0.conv1: 0.954880952835083
layer4.0.conv2: 0.9740176200866699
layer4.0.downsample.0: 0.7786036133766174
layer4.1.conv1: 0.9496328234672546
layer4.1.conv2: 0.9609755277633667
