.conv1: 0.8558475375175476
layer1.0.conv1: 0.747864842414856
layer1.0.conv2: 0.843288242816925
layer1.1.conv1: 0.8277063369750977
layer1.1.conv2: 0.8949453234672546
layer2.0.conv1: 0.9167279005050659
layer2.0.conv2: 0.8941828012466431
layer2.0.downsample.0: 0.16865378618240356
layer2.1.conv1: 0.9303376078605652
layer2.1.conv2: 0.9147818088531494
layer3.0.conv1: 0.9265733957290649
layer3.0.conv2: 0.9544439315795898
layer3.0.downsample.0: 0.5200534462928772
layer3.1.conv1: 0.9555625319480896
layer3.1.conv2: 0.9399327039718628
layer4.0.conv1: 0.9548598527908325
layer4.0.conv2: 0.9736465215682983
layer4.0.downsample.0: 0.6443413496017456
layer4.1.conv1: 0.9496728777885437
layer4.1.conv2: 0.9610865116119385
