.conv1: 0.2345302700996399
layer1.0.conv1: 0.5910797715187073
layer1.0.conv2: 0.699764609336853
layer1.1.conv1: 0.6797268390655518
layer1.1.conv2: 0.762016236782074
layer2.0.conv1: 0.8115086555480957
layer2.0.conv2: 0.7928937077522278
layer2.0.downsample.0: 0.3889533579349518
layer2.1.conv1: 0.8466188311576843
layer2.1.conv2: 0.8385103344917297
layer3.0.conv1: 0.8341867923736572
layer3.0.conv2: 0.8962620496749878
layer3.0.downsample.0: 0.6950723528862
layer3.1.conv1: 0.9056751132011414
layer3.1.conv2: 0.8845505714416504
layer4.0.conv1: 0.9058250188827515
layer4.0.conv2: 0.9450442790985107
layer4.0.downsample.0: 0.7641744017601013
layer4.1.conv1: 0.9195329546928406
layer4.1.conv2: 0.9121160507202148
