.conv1: 0.0615413598716259
layer1.0.conv1: 0.43612200021743774
layer1.0.conv2: 0.5481546521186829
layer1.1.conv1: 0.5447876453399658
layer1.1.conv2: 0.6011058688163757
layer2.0.conv1: 0.6702268719673157
layer2.0.conv2: 0.6817909479141235
layer2.0.downsample.0: 0.12093745172023773
layer2.1.conv1: 0.7428406476974487
layer2.1.conv2: 0.7413145303726196
layer3.0.conv1: 0.704925000667572
layer3.0.conv2: 0.8113226890563965
layer3.0.downsample.0: 0.475109726190567
layer3.1.conv1: 0.8365910053253174
layer3.1.conv2: 0.8148398399353027
layer4.0.conv1: 0.8342975378036499
layer4.0.conv2: 0.906051516532898
layer4.0.downsample.0: 0.6139950156211853
layer4.1.conv1: 0.8747562766075134
layer4.1.conv2: 0.8353044986724854
