.conv1: 0.1836065798997879
layer1.0.conv1: 0.5623815655708313
layer1.0.conv2: 0.6741893887519836
layer1.1.conv1: 0.6593747138977051
layer1.1.conv2: 0.7341088652610779
layer2.0.conv1: 0.7888409495353699
layer2.0.conv2: 0.7721623778343201
layer2.0.downsample.0: 0.3355397880077362
layer2.1.conv1: 0.8277732133865356
layer2.1.conv2: 0.8202762007713318
layer3.0.conv1: 0.812219500541687
layer3.0.conv2: 0.881388247013092
layer3.0.downsample.0: 0.6579963564872742
layer3.1.conv1: 0.8927615284919739
layer3.1.conv2: 0.8722473978996277
layer4.0.conv1: 0.8942887187004089
layer4.0.conv2: 0.9395837783813477
layer4.0.downsample.0: 0.7370926141738892
layer4.1.conv1: 0.9121533632278442
layer4.1.conv2: 0.899936318397522
