.conv1: 0.06499169021844864
layer1.0.conv1: 0.4374142587184906
layer1.0.conv2: 0.5521211624145508
layer1.1.conv1: 0.5519835948944092
layer1.1.conv2: 0.6078974008560181
layer2.0.conv1: 0.6791465878486633
layer2.0.conv2: 0.6842376589775085
layer2.0.downsample.0: 0.12876220047473907
layer2.1.conv1: 0.7469627261161804
layer2.1.conv2: 0.7443239092826843
layer3.0.conv1: 0.7092397212982178
layer3.0.conv2: 0.8142345547676086
layer3.0.downsample.0: 0.4823435842990875
layer3.1.conv1: 0.8391373157501221
layer3.1.conv2: 0.8169740438461304
layer4.0.conv1: 0.8368604779243469
layer4.0.conv2: 0.9068266749382019
layer4.0.downsample.0: 0.618941068649292
layer4.1.conv1: 0.8761346936225891
layer4.1.conv2: 0.8381208777427673
