.conv1: 0.8558506369590759
layer1.0.conv1: 0.7638885974884033
layer1.0.conv2: 0.8514528870582581
layer1.1.conv1: 0.8212025165557861
layer1.1.conv2: 0.8931589126586914
layer2.0.conv1: 0.9177507758140564
layer2.0.conv2: 0.8945211172103882
layer2.0.downsample.0: 0.6461877226829529
layer2.1.conv1: 0.9321963787078857
layer2.1.conv2: 0.9158679246902466
layer3.0.conv1: 0.9265608787536621
layer3.0.conv2: 0.9543958902359009
layer3.0.downsample.0: 0.8331027030944824
layer3.1.conv1: 0.9557164907455444
layer3.1.conv2: 0.9398379325866699
layer4.0.conv1: 0.954901933670044
layer4.0.conv2: 0.9741238355636597
layer4.0.downsample.0: 0.8701840043067932
layer4.1.conv1: 0.9497822523117065
layer4.1.conv2: 0.9609572887420654
