.conv1: 0.8034741878509521
layer1.0.conv1: 0.8836436867713928
layer1.0.conv2: 0.92738938331604
layer1.1.conv1: 0.9123426675796509
layer1.1.conv2: 0.9511483907699585
layer2.0.conv1: 0.9584065079689026
layer2.0.conv2: 0.9471553564071655
layer2.0.downsample.0: 0.8452308177947998
layer2.1.conv1: 0.9669997096061707
layer2.1.conv2: 0.9513222575187683
layer3.0.conv1: 0.9627379179000854
layer3.0.conv2: 0.9767882227897644
layer3.0.downsample.0: 0.9301193356513977
layer3.1.conv1: 0.9777313470840454
layer3.1.conv2: 0.9644896388053894
layer4.0.conv1: 0.9742606282234192
layer4.0.conv2: 0.984804630279541
layer4.0.downsample.0: 0.942933976650238
layer4.1.conv1: 0.9627297520637512
layer4.1.conv2: 0.9789885878562927
