.conv1: 0.8558487892150879
layer1.0.conv1: 0.7482438683509827
layer1.0.conv2: 0.8487200736999512
layer1.1.conv1: 0.8215316534042358
layer1.1.conv2: 0.8958393931388855
layer2.0.conv1: 0.9154460430145264
layer2.0.conv2: 0.8943180441856384
layer2.0.downsample.0: 0.3113662004470825
layer2.1.conv1: 0.9323536157608032
layer2.1.conv2: 0.9156093597412109
layer3.0.conv1: 0.9265090823173523
layer3.0.conv2: 0.9544054865837097
layer3.0.downsample.0: 0.6396875977516174
layer3.1.conv1: 0.9572663903236389
layer3.1.conv2: 0.939031720161438
layer4.0.conv1: 0.9548346996307373
layer4.0.conv2: 0.9739989638328552
layer4.0.downsample.0: 0.7242565155029297
layer4.1.conv1: 0.9496076703071594
layer4.1.conv2: 0.9609571099281311
