.conv1: 0.6830105781555176
layer1.0.conv1: 0.8464647531509399
layer1.0.conv2: 0.8749728202819824
layer1.1.conv1: 0.8602680563926697
layer1.1.conv2: 0.9185187220573425
layer2.0.conv1: 0.9328759908676147
layer2.0.conv2: 0.9146170020103455
layer2.0.downsample.0: 0.7560393810272217
layer2.1.conv1: 0.9448823928833008
layer2.1.conv2: 0.9282051920890808
layer3.0.conv1: 0.9407684803009033
layer3.0.conv2: 0.9632383584976196
layer3.0.downsample.0: 0.8853009939193726
layer3.1.conv1: 0.9640061259269714
layer3.1.conv2: 0.9497367143630981
layer4.0.conv1: 0.9623101949691772
layer4.0.conv2: 0.97817462682724
layer4.0.downsample.0: 0.909984290599823
layer4.1.conv1: 0.954572319984436
layer4.1.conv2: 0.9681019186973572
