.conv1: 0.5910927057266235
layer1.0.conv1: 0.7394267916679382
layer1.0.conv2: 0.8348029851913452
layer1.1.conv1: 0.8108962774276733
layer1.1.conv2: 0.8895860314369202
layer2.0.conv1: 0.9100324511528015
layer2.0.conv2: 0.8847630620002747
layer2.0.downsample.0: 0.6732417345046997
layer2.1.conv1: 0.9242857098579407
layer2.1.conv2: 0.9062440991401672
layer3.0.conv1: 0.919497013092041
layer3.0.conv2: 0.9501639008522034
layer3.0.downsample.0: 0.8457553386688232
layer3.1.conv1: 0.9528520107269287
layer3.1.conv2: 0.934860110282898
layer4.0.conv1: 0.9514834880828857
layer4.0.conv2: 0.9719914197921753
layer4.0.downsample.0: 0.8799178004264832
layer4.1.conv1: 0.9476616382598877
layer4.1.conv2: 0.9575404524803162
