.conv1: 0.08708561956882477
layer1.0.conv1: 0.47077476978302
layer1.0.conv2: 0.5806836485862732
layer1.1.conv1: 0.5778953433036804
layer1.1.conv2: 0.6419588923454285
layer2.0.conv1: 0.7062919735908508
layer2.0.conv2: 0.7064623832702637
layer2.0.downsample.0: 0.17712736129760742
layer2.1.conv1: 0.7685514688491821
layer2.1.conv2: 0.7665244936943054
layer3.0.conv1: 0.7359494566917419
layer3.0.conv2: 0.8307925462722778
layer3.0.downsample.0: 0.5280103087425232
layer3.1.conv1: 0.8537928462028503
layer3.1.conv2: 0.8325241208076477
layer4.0.conv1: 0.8522698879241943
layer4.0.conv2: 0.9158045053482056
layer4.0.downsample.0: 0.6495776176452637
layer4.1.conv1: 0.8861585259437561
layer4.1.conv2: 0.8553171157836914
