.conv1: 0.08320552855730057
layer1.0.conv1: 0.46421995759010315
layer1.0.conv2: 0.5786923766136169
layer1.1.conv1: 0.5776721239089966
layer1.1.conv2: 0.6356024742126465
layer2.0.conv1: 0.7008321285247803
layer2.0.conv2: 0.7040471434593201
layer2.0.downsample.0: 0.16867242753505707
layer2.1.conv1: 0.7639606595039368
layer2.1.conv2: 0.7615167498588562
layer3.0.conv1: 0.7318939566612244
layer3.0.conv2: 0.8292279839515686
layer3.0.downsample.0: 0.5200527906417847
layer3.1.conv1: 0.8506147265434265
layer3.1.conv2: 0.8295316696166992
layer4.0.conv1: 0.8497056365013123
layer4.0.conv2: 0.9137783050537109
layer4.0.downsample.0: 0.6443345546722412
layer4.1.conv1: 0.884601891040802
layer4.1.conv2: 0.8524817228317261
