.conv1: 0.3953535258769989
layer1.0.conv1: 0.6644432544708252
layer1.0.conv2: 0.7721614837646484
layer1.1.conv1: 0.7421134114265442
layer1.1.conv2: 0.8270121812820435
layer2.0.conv1: 0.8619309067726135
layer2.0.conv2: 0.8397485017776489
layer2.0.downsample.0: 0.5263710618019104
layer2.1.conv1: 0.888386607170105
layer2.1.conv2: 0.8736502528190613
layer3.0.conv1: 0.8806950449943542
layer3.0.conv2: 0.9268966913223267
layer3.0.downsample.0: 0.7767861485481262
layer3.1.conv1: 0.9293822050094604
layer3.1.conv2: 0.9120005369186401
layer4.0.conv1: 0.9308474659919739
layer4.0.conv2: 0.959516704082489
layer4.0.downsample.0: 0.8252928256988525
layer4.1.conv1: 0.9349302649497986
layer4.1.conv2: 0.9374855160713196
