.conv1: 0.895826518535614
layer1.0.conv1: 0.9280425310134888
layer1.0.conv2: 0.9603450298309326
layer1.1.conv1: 0.9698294997215271
layer1.1.conv2: 0.9758087992668152
layer2.0.conv1: 0.9795016646385193
layer2.0.conv2: 0.9717797040939331
layer2.0.downsample.0: 0.9144689440727234
layer2.1.conv1: 0.9824449419975281
layer2.1.conv2: 0.9707964062690735
layer3.0.conv1: 0.9784746170043945
layer3.0.conv2: 0.9867426753044128
layer3.0.downsample.0: 0.9621670246124268
layer3.1.conv1: 0.986873209476471
layer3.1.conv2: 0.9768242239952087
layer4.0.conv1: 0.9829019904136658
layer4.0.conv2: 0.9897245764732361
layer4.0.downsample.0: 0.9705400466918945
layer4.1.conv1: 0.9707198143005371
layer4.1.conv2: 0.9873073697090149
