.conv1: 0.8558606505393982
layer1.0.conv1: 0.7675132751464844
layer1.0.conv2: 0.8552880883216858
layer1.1.conv1: 0.8224085569381714
layer1.1.conv2: 0.8954669237136841
layer2.0.conv1: 0.9179006814956665
layer2.0.conv2: 0.8941431045532227
layer2.0.downsample.0: 0.09818834811449051
layer2.1.conv1: 0.932489275932312
layer2.1.conv2: 0.9128561019897461
layer3.0.conv1: 0.926628589630127
layer3.0.conv2: 0.9544726014137268
layer3.0.downsample.0: 0.45359113812446594
layer3.1.conv1: 0.9570050835609436
layer3.1.conv2: 0.9399102330207825
layer4.0.conv1: 0.9548426270484924
layer4.0.conv2: 0.974035918712616
layer4.0.downsample.0: 0.599514365196228
layer4.1.conv1: 0.9496546387672424
layer4.1.conv2: 0.9609584212303162
